4.99 -74.94930100
5.09 -75.39257100
5.19 -75.69044100
5.29 -75.83691100
5.39 -75.82598100
5.49 -75.65165100
5.59 -75.30792100
5.69 -74.78879100
5.79 -74.08826100
5.89 -73.20033100
5.99 -72.11900100
6.09 -70.83827100
6.19 -69.35214100
6.29 -67.65461100
6.39 -65.73968100
6.49 -63.60135100
6.59 -61.23362100
6.69 -58.63049100
6.79 -55.78596100
6.89 -52.69403100
6.99 -49.34870100
7.09 -45.74397100
7.19 -41.87384100
7.29 -37.73231100
7.39 -33.31338100
7.49 -28.61105100
7.59 -23.61932100
7.69 -18.33219100
7.79 -12.74366100
7.89 -6.84773100
7.99 -0.63840100
8.09 5.89032900
8.19 12.74445900
8.29 19.92998900
8.39 27.45291900
8.49 35.31924900
8.59 43.53497900
8.69 52.10610900
8.79 61.03863900
8.89 70.33856900
8.99 80.01189900
9.09 90.06462900
9.19 100.50275900
9.29 111.33228900
9.39 122.55921900
9.49 134.18954900
9.59 146.22927900
9.69 158.68440900
9.79 171.56093900
9.89 184.86486900
9.99 198.60219900
10.09 212.77892900
10.19 227.40105900
10.29 242.47458900
10.39 258.00551900
10.49 273.99984900
10.59 290.46357900
10.69 307.40270900
10.79 324.82323900
10.89 342.73116900
10.99 361.13249900
11.09 380.03322900
11.19 399.43935900
11.29 419.35688900
11.39 439.79181900
11.49 460.75014900
11.59 482.23787900
11.69 504.26100900
11.79 526.82553900
11.89 549.93746900
11.99 573.60279900
12.09 597.82752900
12.19 622.61765900
12.29 647.97918900
12.39 673.91811900
12.49 700.44044900
12.59 727.55217900
12.69 755.25930900
12.79 783.56783900
12.89 812.48376900
12.99 842.01309900
13.09 872.16182900
13.19 902.93595900
13.29 934.34148900
13.39 966.38441900
13.49 999.07074900
13.59 1032.40647900
13.69 1066.39760900
13.79 1101.05013900
13.89 1136.37006900
13.99 1172.36339900
14.09 1209.03612900
14.19 1246.39425900
14.29 1284.44378900
14.39 1323.19071900
14.49 1362.64104900
14.59 1402.80077900
14.69 1443.67590900
14.79 1485.27243900
14.89 1527.59636900
14.99 1570.65369900
15.09 1614.45042900
