518 9 7 8 2 3 9 1 2 9 2 5 6 3 9 1 6 7 7 6 7 10 3 5 1 9 7 1 3 1 2 6 7 6 8 5 1 2 6 3 6 3 9 6 10 6 10 6 7 8 1 2 5 7 5 7 9 1 1 6 4 10 5 5 3 4 6 1 3 8 5 8 3 9 6 9 2 9 6 2 4 7 3 1 3 5 8 7 1 2 8 8 6 3 9 5 2 5 2 8
10 544 7 1 1 3 4 6 9 2 3 2 1 6 6 10 6 9 4 5 7 3 6 6 3 5 2 10 9 5 10 8 4 3 8 2 7 5 7 6 6 8 6 5 3 3 4 9 8 6 10 6 5 6 5 6 7 1 5 5 4 10 1 2 2 5 1 7 2 10 4 7 8 10 10 6 4 6 2 1 7 8 1 1 10 10 4 5 3 5 5 4 9 10 3 5 8 2 5 10
2 1 519 9 3 3 3 4 7 1 2 1 1 1 6 1 1 4 1 2 2 8 7 4 6 8 5 3 10 4 4 2 7 9 8 10 4 10 4 3 9 5 7 8 9 7 3 4 8 1 7 5 8 5 3 9 7 3 8 1 4 10 4 5 8 10 5 4 2 5 4 2 8 3 2 10 9 6 9 1 4 8 2 7 5 9 7 7 2 5 8 9 10 2 5 7 9 3 2 6
6 6 1 526 7 9 2 3 8 3 7 9 9 7 8 5 10 8 6 7 4 7 3 3 8 2 6 10 2 4 10 2 1 7 3 8 8 8 2 9 1 8 2 2 10 3 7 8 3 3 3 6 8 5 6 1 9 9 5 7 5 1 2 3 2 5 1 8 2 10 3 3 6 7 8 5 5 2 9 9 2 2 5 3 10 10 2 6 7 6 2 5 8 1 1 8 5 3 6 3
8 8 5 8 564 4 7 7 1 5 9 3 6 8 3 5 5 5 6 1 4 7 5 1 4 2 3 6 3 6 3 3 9 4 7 7 4 6 6 2 8 4 1 4 10 4 2 5 5 10 9 1 9 9 9 4 1 7 9 1 8 4 5 1 9 9 4 8 7 10 2 6 6 10 9 5 9 4 3 9 3 4 9 9 2 2 6 9 3 2 9 8 10 8 5 7 8 4 8 10
7 8 3 8 1 562 5 4 9 9 9 1 4 3 2 7 2 2 1 7 10 1 1 8 3 8 8 6 7 10 1 8 7 9 2 2 4 2 1 9 6 9 7 9 5 3 1 10 4 8 10 8 10 10 1 1 10 6 10 2 7 4 5 8 10 4 7 6 8 4 6 1 1 7 8 8 6 10 2 7 2 4 6 5 10 5 6 5 9 4 10 3 7 3 2 4 4 10 9 3
10 8 8 6 6 5 574 6 6 4 5 5 2 3 5 2 9 2 6 8 8 5 1 7 10 2 3 9 6 7 9 5 2 9 1 8 2 9 1 7 9 8 5 5 10 7 7 4 4 2 5 3 4 10 9 8 1 5 1 6 10 9 7 1 4 6 8 4 5 4 2 2 4 9 7 10 8 6 10 7 5 4 7 6 4 6 9 4 8 6 6 4 8 8 3 1 8 5 8 10
1 9 8 3 5 1 10 534 6 6 4 6 8 5 1 8 8 5 5 6 1 1 7 2 3 3 9 1 1 3 1 7 9 5 1 10 6 9 8 7 3 4 9 9 3 1 4 8 3 10 3 2 4 10 6 3 9 6 9 4 5 1 1 6 3 10 7 8 10 6 6 6 4 3 6 9 1 1 1 2 9 8 6 9 10 6 3 10 10 3 3 10 6 3 10 2 2 3 8 7
6 6 4 5 5 9 9 1 504 7 6 1 10 5 7 5 7 1 10 3 7 3 10 4 4 10 5 10 6 1 5 2 3 6 2 9 5 3 7 4 6 4 2 1 3 1 6 3 5 4 7 5 3 4 1 5 10 1 4 9 3 7 4 1 6 4 9 9 10 4 4 7 2 2 5 7 10 2 1 9 2 7 2 6 3 6 2 4 7 7 10 1 9 3 1 5 8 1 6 8
1 10 3 6 1 9 1 4 8 527 3 5 10 5 3 9 2 5 1 8 4 10 3 9 4 2 5 10 1 7 8 10 1 5 9 7 4 1 1 2 1 8 8 6 3 9 3 6 7 8 8 1 5 1 7 2 9 10 2 2 4 1 5 3 9 8 6 5 4 2 10 3 10 1 8 8 1 3 7 10 6 3 2 5 10 4 10 4 8 6 5 1 1 9 5 7 8 9 5 7
1 1 9 7 5 4 6 5 10 6 587 5 7 8 4 4 4 3 10 5 4 9 1 5 5 8 4 7 3 5 5 5 3 10 5 2 6 9 1 8 5 9 8 2 8 10 8 5 10 9 2 3 7 3 7 1 10 3 3 2 5 7 5 10 5 3 9 10 9 7 10 4 10 6 4 4 7 5 7 10 1 5 9 6 5 9 2 10 9 3 10 6 2 8 7 6 7 5 8 4
5 3 7 9 4 5 5 3 2 1 5 558 5 3 7 10 10 1 1 5 2 2 9 3 6 7 3 6 8 8 8 10 4 7 8 1 5 6 8 8 7 10 9 10 7 4 8 1 2 7 5 7 9 10 8 6 5 8 5 7 7 7 1 10 10 2 3 10 4 3 3 10 5 5 8 8 10 7 8 3 6 6 9 3 5 2 1 5 7 2 4 2 2 6 5 9 2 4 5 3
9 6 2 5 4 9 2 3 4 5 8 5 539 3 4 1 8 10 1 4 10 9 5 2 7 2 8 5 3 8 6 5 4 3 3 3 4 5 7 1 9 4 7 9 2 7 9 6 3 1 7 9 1 9 1 9 9 8 6 6 5 10 8 4 3 1 6 5 3 8 3 9 4 4 6 5 10 10 5 4 10 4 4 3 7 5 3 8 6 1 1 2 10 8 5 7 3 9 4 7
3 10 5 5 3 9 6 10 9 3 7 2 3 579 3 1 9 6 10 9 6 7 9 8 3 7 8 8 8 2 4 7 2 4 8 10 10 7 7 4 4 9 10 1 10 4 7 3 7 6 1 2 10 8 8 7 2 1 6 3 4 10 3 4 3 9 10 3 1 2 4 10 7 9 1 10 8 5 5 8 9 1 8 4 10 6 8 1 1 10 6 6 8 6 3 2 9 3 2 6
7 8 1 2 9 3 7 10 3 2 1 6 10 6 521 7 5 9 2 4 5 1 10 1 4 9 2 1 1 3 6 5 6 6 3 7 10 6 6 5 1 10 5 1 8 5 7 5 2 8 1 1 4 5 7 3 4 1 8 10 9 8 10 7 7 5 1 6 2 6 4 1 10 7 6 1 2 8 7 5 7 6 9 1 5 4 8 7 6 3 8 6 1 4 1 6 10 3 6 9
1 4 1 5 7 6 6 1 5 2 10 5 4 5 3 605 2 10 3 6 10 1 10 7 4 8 2 1 10 9 3 5 3 9 6 8 8 3 6 7 8 1 10 10 7 4 6 6 7 10 7 10 10 10 3 10 8 3 7 2 6 4 10 5 10 4 6 4 7 9 10 8 5 2 3 5 10 1 3 5 3 5 2 8 8 10 10 5 8 9 7 4 10 7 6 10 10 9 9 2
9 5 2 1 9 9 4 9 2 3 5 4 7 5 10 7 565 10 4 5 7 5 5 9 7 4 2 9 6 8 1 7 1 8 5 10 7 7 7 1 8 6 4 2 4 5 2 1 6 9 3 6 5 9 9 1 8 5 4 2 3 5 7 8 10 1 8 8 6 6 9 1 9 4 5 9 5 10 6 8 3 5 9 8 1 7 8 1 3 2 6 7 8 9 7 8 4 2 1 10
9 4 8 8 5 6 5 2 7 7 4 3 1 4 10 6 5 541 8 2 4 10 9 7 9 9 1 4 9 2 1 5 4 2 9 10 1 2 4 7 10 9 7 5 9 5 8 4 7 8 5 5 3 6 7 10 3 8 7 1 5 9 5 3 2 7 8 4 2 10 3 3 2 6 2 5 2 2 2 2 8 8 4 7 6 10 9 5 5 4 4 7 2 7 1 8 4 7 8 2
8 4 6 10 8 4 1 1 8 9 6 1 6 7 9 10 3 9 558 6 3 6 7 10 1 6 6 1 3 8 9 7 8 7 10 2 5 7 4 7 3 10 1 6 8 7 3 1 8 5 7 1 7 3 4 1 9 5 6 4 1 4 8 10 5 7 1 4 9 5 3 1 10 2 3 7 2 8 9 7 8 3 9 9 3 10 4 3 7 4 7 9 7 5 1 9 10 2 6 1
1 6 1 6 10 2 3 10 1 3 10 10 8 5 3 4 5 9 7 529 3 1 2 3 7 10 5 5 3 9 1 3 3 6 1 8 6 4 2 10 2 10 3 3 3 9 3 8 2 8 4 10 1 3 7 1 6 3 5 10 6 10 6 5 4 3 5 3 10 6 1 4 7 8 4 9 2 1 8 2 8 1 5 9 10 4 10 10 5 5 1 6 5 5 9 6 10 6 4 7
6 4 1 7 1 3 9 1 3 7 4 10 4 9 6 2 6 1 1 10 543 2 10 2 6 6 5 3 9 2 6 10 8 10 3 2 4 10 7 8 7 7 3 5 6 4 4 9 4 5 10 9 3 4 5 3 10 7 9 1 1 9 2 7 3 6 10 6 10 6 3 6 5 2 2 5 8 9 4 7 1 8 1 9 7 3 4 2 3 6 5 2 5 6 8 5 10 8 9 3
4 7 7 3 3 7 4 2 3 3 1 3 5 4 4 4 2 9 5 9 4 522 5 1 5 5 9 5 4 4 1 1 6 9 7 5 1 2 9 4 4 7 4 5 8 1 1 5 2 3 2 3 5 6 3 8 4 2 4 8 5 1 7 6 6 5 10 8 7 6 3 10 8 1 6 9 1 8 8 10 6 5 7 2 9 4 2 10 10 7 5 4 9 7 9 10 5 8 7 6
2 7 1 3 1 10 1 7 7 5 10 10 10 3 3 7 5 1 4 9 5 4 551 1 2 3 1 9 7 6 7 3 6 4 1 5 8 9 4 10 7 4 10 8 2 4 6 1 3 1 8 6 8 6 5 2 9 1 3 6 7 6 10 8 10 3 2 9 6 3 9 8 8 3 10 6 10 8 3 9 6 1 2 4 5 2 10 10 8 7 1 6 4 9 3 7 5 8 1 9
10 1 2 6 10 9 10 3 7 4 1 9 9 7 1 9 3 9 10 7 6 2 3 560 1 1 9 10 10 4 10 10 5 10 7 3 3 10 10 2 4 6 7 1 4 5 5 4 5 10 4 7 1 2 2 9 4 6 5 10 2 6 7 5 2 3 4 4 9 4 6 5 4 10 5 3 6 4 4 5 4 5 10 1 9 10 9 5 2 9 7 4 9 4 9 1 4 2 9 1
5 1 3 3 7 10 7 8 9 10 7 6 8 2 10 5 2 8 10 3 7 8 10 3 589 4 3 8 5 7 7 6 4 2 7 6 10 10 9 1 7 10 1 9 8 4 10 6 9 10 7 9 3 10 7 3 8 8 2 2 5 2 5 8 3 3 8 6 8 5 1 2 9 5 2 7 6 3 4 5 4 1 6 10 10 6 8 8 5 2 10 8 3 1 2 7 9 10 1 4
1 8 6 5 10 8 7 3 10 7 5 8 10 8 1 9 4 2 10 10 2 2 7 9 4 546 5 2 2 10 5 3 9 5 6 3 1 1 7 4 7 6 6 7 6 8 7 7 7 9 3 7 8 6 1 3 2 5 3 6 5 8 5 5 7 8 4 7 10 7 8 4 3 5 4 6 6 4 1 6 3 1 10 6 8 1 3 3 1 10 2 7 5 3 3 10 10 5 3 2
3 9 2 9 3 1 6 7 3 4 4 5 1 5 9 1 2 6 3 8 2 10 7 7 5 5 526 7 3 8 2 2 10 8 2 5 10 2 3 9 9 9 9 8 1 2 3 10 10 2 2 4 9 4 7 3 6 2 3 3 6 10 7 2 1 7 8 4 10 4 2 2 8 10 5 8 9 4 9 10 1 3 2 8 2 8 4 4 10 1 7 1 3 10 10 4 3 6 5 2
6 6 4 6 8 4 3 3 3 10 2 9 5 7 7 3 1 9 6 10 1 10 4 1 9 5 7 561 7 1 7 6 8 8 2 3 6 10 8 10 10 5 5 2 3 3 8 7 9 6 7 6 1 10 5 10 3 4 2 6 7 3 6 6 2 8 8 8 6 7 3 10 5 8 2 9 7 4 4 9 6 2 3 6 6 1 5 9 8 5 7 4 2 2 5 7 4 3 9 4
5 10 3 3 9 3 5 10 6 3 2 6 6 9 6 2 4 7 4 6 9 10 4 8 7 6 10 2 572 7 8 6 5 6 8 4 6 1 10 2 4 6 8 6 3 3 4 1 7 10 4 4 8 1 1 6 9 7 10 4 10 5 10 2 5 6 10 5 6 10 3 2 2 7 2 10 6 10 10 8 4 7 5 1 2 6 9 10 4 2 3 7 2 1 6 10 3 7 8 9
10 9 8 9 3 8 9 6 1 3 5 5 1 4 10 4 7 9 10 7 10 7 6 10 4 4 8 2 2 550 10 4 10 3 3 1 7 2 4 2 8 2 7 9 4 1 10 1 8 6 4 5 4 4 2 9 10 1 10 8 9 3 6 2 4 5 1 4 4 4 9 2 3 9 8 1 1 9 10 1 8 3 1 5 6 2 9 2 7 8 7 9 5 3 5 9 3 1 10 10
9 2 7 6 7 10 6 3 5 10 1 9 1 1 6 7 2 3 6 8 2 2 9 10 3 5 2 6 7 1 541 4 5 8 8 4 5 2 4 2 9 5 10 9 6 6 2 3 8 6 4 5 6 3 3 5 7 2 9 10 1 1 9 2 9 5 5 6 9 8 4 10 1 2 5 7 7 5 3 2 7 4 6 10 9 1 8 8 7 7 5 8 5 6 4 3 1 5 10 6
2 2 7 1 3 10 5 4 9 9 4 4 9 7 6 5 8 1 4 3 8 9 4 8 10 10 5 10 5 9 9 542 6 7 10 9 5 1 5 4 8 8 2 8 5 7 5 4 6 4 1 2 5 10 9 5 5 3 3 7 6 10 3 6 3 7 2 2 4 9 6 9 3 5 4 4 3 2 1 9 3 5 6 10 6 6 5 1 10 3 1 2 5 7 4 4 4 7 1 7
5 4 8 1 5 4 9 7 4 10 9 8 10 9 1 1 9 6 10 6 10 3 7 8 9 9 4 3 6 2 6 10 561 2 9 1 9 5 1 1 1 8 10 4 10 6 2 8 10 7 8 5 2 8 4 4 1 9 3 4 8 5 10 5 3 10 4 9 6 2 2 1 8 2 1 2 2 10 9 9 8 9 7 6 3 4 3 1 8 2 9 3 9 4 9 2 1 3 10 5
1 6 7 3 6 8 1 8 1 8 9 8 4 8 9 7 9 4 7 6 6 1 10 4 2 7 4 6 5 10 8 10 8 546 7 10 2 9 7 5 5 5 8 3 6 2 7 2 4 7 4 1 3 5 7 8 7 2 7 8 7 5 9 6 10 5 3 1 1 3 1 9 4 10 7 1 4 1 9 8 3 7 1 7 9 4 9 10 6 6 2 8 3 3 2 4 2 4 5 2
9 10 2 9 8 5 6 6 3 7 1 8 1 2 2 6 6 10 4 8 5 3 1 2 7 8 7 8 6 2 7 10 2 4 537 4 9 5 9 1 7 2 7 10 3 7 4 1 3 9 9 8 8 7 6 2 3 6 10 4 10 3 5 6 10 8 7 3 1 1 10 1 7 6 5 8 3 5 3 6 2 4 10 2 4 1 6 7 10 7 6 4 4 2 7 2 5 6 6 3
9 6 2 3 10 3 3 4 4 1 3 8 5 4 5 2 10 2 4 2 5 1 6 9 1 5 5 5 6 6 2 6 6 10 4 545 9 7 6 7 7 9 2 9 6 8 10 10 10 8 6 9 5 7 1 3 9 5 8 10 1 2 10 7 2 6 1 10 1 5 9 1 10 7 9 8 2 2 9 3 9 1 1 8 4 8 5 8 1 7 7 2 6 4 2 9 7 3 3 3
1 8 8 10 2 9 4 7 4 7 3 3 2 9 4 3 10 9 10 10 1 10 2 5 8 7 8 7 6 9 1 5 7 4 4 3 581 5 3 8 7 5 5 9 9 8 8 9 5 4 4 3 1 6 8 7 1 7 2 6 6 5 10 8 10 6 7 10 3 4 6 8 5 7 9 3 6 7 8 3 10 8 5 3 3 7 3 4 1 7 4 9 2 10 3 4 9 9 5 3
4 2 9 7 4 4 10 8 3 9 10 4 6 3 7 8 7 5 10 8 9 10 7 10 6 7 2 7 9 9 2 7 3 8 1 4 5 624 4 6 3 1 10 2 6 2 6 10 6 9 3 8 8 4 7 2 8 6 4 10 3 7 3 10 4 7 10 10 9 10 8 7 9 9 6 5 4 2 1 2 8 8 6 10 10 5 2 9 4 8 6 9 3 3 9 9 9 8 3 9
3 8 3 9 8 9 6 8 8 7 5 6 9 5 5 9 5 3 4 2 8 10 8 3 6 9 8 8 4 5 1 2 8 1 4 5 5 5 593 1 1 6 10 6 10 6 5 2 10 9 10 4 1 10 3 5 4 2 10 2 2 7 9 4 6 9 10 7 1 7 8 6 6 7 4 8 8 10 7 8 5 8 9 8 3 6 9 9 3 2 9 5 2 8 4 4 9 9 6 1
4 2 2 10 1 6 10 8 3 7 10 6 8 7 7 10 1 6 9 9 10 8 7 6 10 8 4 3 4 3 8 10 9 8 7 8 4 5 3 573 4 3 9 3 8 6 2 5 7 2 4 1 4 8 3 7 7 4 10 4 2 10 7 8 6 10 8 10 9 7 10 9 3 3 7 7 2 4 3 6 3 6 4 5 4 2 4 3 1 3 1 9 8 2 5 8 8 4 5 3
7 7 10 8 8 6 2 7 1 7 1 2 8 2 6 7 2 7 10 5 5 2 10 1 1 7 6 6 3 4 10 10 8 3 4 9 6 7 5 4 534 6 1 1 8 7 9 8 7 6 2 2 6 6 9 3 4 1 4 6 9 1 2 8 2 1 6 4 4 7 6 6 4 6 5 2 10 7 8 2 1 10 8 4 5 8 3 9 4 7 10 6 1 5 10 2 3 5 6 6
2 4 7 4 7 6 7 4 8 7 6 1 1 1 4 9 2 1 4 4 3 3 2 2 5 5 9 4 9 6 10 5 8 2 9 7 4 7 9 7 10 552 4 3 10 5 2 8 7 5 10 7 10 10 6 9 6 6 1 3 3 4 1 7 6 1 2 4 6 8 4 7 7 6 3 5 6 8 10 1 10 10 9 2 2 10 4 8 4 8 4 3 4 5 3 10 5 8 8 7
10 8 10 6 9 9 4 1 8 4 9 7 4 2 3 6 4 4 6 3 10 4 3 10 8 2 6 10 9 1 9 7 7 7 7 9 3 1 3 1 4 2 581 5 10 10 7 4 8 8 6 9 6 3 6 3 6 8 9 10 6 7 4 6 7 9 7 3 1 7 7 10 4 3 5 5 5 6 3 5 6 10 8 2 10 6 2 3 2 9 2 4 9 9 1 5 8 5 5 6
3 4 3 9 2 8 1 4 9 1 7 6 10 10 4 4 7 7 1 7 9 4 4 10 2 6 3 3 1 4 1 1 10 6 2 9 5 2 1 10 10 2 7 548 10 10 4 3 4 9 1 3 3 8 6 4 7 2 6 5 10 6 10 2 1 5 5 3 10 2 8 9 2 4 5 3 4 7 10 3 3 7 6 6 5 7 10 7 9 6 10 1 9 2 6 9 8 4 9 8
2 7 9 3 1 4 4 8 2 6 5 10 8 10 2 1 2 10 9 3 2 6 5 6 3 6 10 4 2 7 7 6 7 9 2 4 8 4 7 2 1 5 5 7 546 6 4 2 7 3 10 8 8 5 5 3 8 10 1 8 4 2 9 4 2 9 3 5 6 9 10 1 2 6 9 3 6 1 9 1 6 1 8 5 10 9 8 1 9 5 5 5 1 10 10 8 8 8 4 1
2 4 3 1 5 1 5 2 9 4 3 8 5 3 1 4 5 3 9 5 10 5 1 2 4 7 9 8 3 3 8 10 6 2 8 9 9 5 5 2 10 6 9 5 7 531 4 1 4 1 7 7 7 9 5 7 6 5 8 8 6 4 4 7 3 4 4 7 3 5 6 2 1 9 8 2 1 4 9 6 10 10 1 3 3 2 10 8 10 8 3 3 9 4 4 7 8 4 7 4
4 2 9 10 9 8 4 8 6 3 7 9 2 1 10 10 2 8 6 1 1 7 2 2 8 1 7 7 2 1 1 3 9 10 6 4 7 5 7 10 6 4 2 6 4 6 557 3 10 9 1 2 5 1 7 6 10 9 6 3 9 9 8 10 9 5 3 10 5 4 8 8 8 10 3 4 6 3 7 8 2 4 10 1 7 7 6 2 2 2 8 10 9 3 2 5 8 4 4 3
1 6 5 4 1 10 1 7 8 9 7 1 9 10 2 6 6 8 2 3 1 5 10 4 10 1 5 10 7 8 6 1 9 4 5 4 9 8 8 1 1 6 1 1 5 3 6 514 9 2 9 9 8 1 5 10 4 3 5 10 10 2 8 5 6 8 7 2 1 1 2 2 1 8 10 1 3 5 4 7 3 7 3 1 3 6 6 6 9 8 3 5 3 8 8 8 1 2 4 5
5 7 10 4 4 5 7 1 2 8 1 3 2 7 10 9 5 4 7 2 3 2 5 5 10 10 5 2 1 7 5 4 8 6 8 6 9 10 7 8 6 7 8 1 4 5 3 2 538 1 10 10 7 7 10 6 3 1 7 6 5 1 7 10 6 8 4 1 8 1 7 2 4 8 9 4 6 3 3 9 1 2 2 6 10 3 9 4 5 1 9 7 1 2 1 10 10 9 7 1
9 9 9 5 10 6 8 3 10 2 3 7 4 4 5 8 7 2 1 4 2 5 5 1 9 10 10 6 5 5 2 2 7 2 10 7 10 9 10 2 6 10 9 3 2 1 10 7 4 550 8 8 10 4 3 3 7 6 1 3 5 2 6 5 2 4 4 1 5 4 1 4 6 4 9 4 2 8 8 2 9 6 10 3 1 7 8 4 1 10 2 8 10 9 9 4 5 1 5 10
2 6 5 4 4 6 7 2 9 9 2 5 4 2 7 1 7 8 3 6 1 1 5 6 5 3 4 3 9 3 3 2 7 8 10 2 9 4 4 8 2 4 9 8 8 3 3 8 6 7 505 7 7 4 7 3 8 5 1 10 2 1 8 1 9 3 1 7 6 4 4 7 5 1 1 8 10 6 2 9 3 8 5 1 6 7 4 7 2 7 10 9 7 4 6 4 5 3 3 1
8 3 4 3 5 1 5 6 7 1 2 7 7 3 6 1 2 1 7 8 6 4 7 1 9 7 1 3 7 1 5 4 4 5 10 4 1 7 7 7 9 9 7 4 3 9 10 9 10 9 5 533 6 6 5 6 8 10 5 4 9 10 4 4 4 1 10 2 1 1 1 3 2 8 4 7 5 6 3 10 4 4 8 5 8 6 1 5 7 6 3 8 2 8 10 1 6 7 10 5
10 1 10 2 7 6 3 4 7 1 8 4 6 10 8 4 5 8 4 1 1 6 2 10 1 2 3 9 3 2 3 2 2 10 5 9 3 10 10 6 7 8 8 9 1 8 8 7 8 10 10 1 576 1 10 4 8 8 5 9 8 10 1 4 6 4 9 2 10 10 8 10 2 10 7 4 7 2 5 5 9 7 10 1 3 2 1 10 10 6 6 4 1 8 6 10 5 7 3 2
5 3 9 2 8 7 9 4 2 5 10 9 6 1 2 3 7 3 2 7 5 7 4 2 2 2 10 10 7 10 8 5 10 3 1 10 2 5 1 10 1 8 5 5 5 6 2 7 4 6 3 10 10 589 10 6 10 8 1 7 7 5 4 8 8 3 10 8 7 10 8 10 10 9 5 2 8 4 1 10 8 8 8 6 4 7 6 4 7 5 5 3 9 10 2 10 2 6 3 4
6 6 10 10 3 9 10 8 6 3 6 9 2 7 3 9 1 5 10 10 7 4 4 3 2 5 5 7 3 3 8 7 2 4 2 10 7 5 8 3 5 3 8 10 3 6 3 2 7 5 2 1 9 3 548 3 9 9 1 10 9 10 8 3 10 5 4 6 8 3 4 9 8 6 1 3 5 3 2 2 8 1 6 7 2 10 6 7 1 8 5 9 4 5 1 2 7 8 1 6
3 1 3 3 6 7 8 6 9 5 5 5 10 1 6 1 6 3 6 8 6 7 10 2 6 2 9 4 4 10 2 4 8 6 3 3 8 3 10 8 2 10 4 5 9 10 1 8 1 10 7 8 4 5 1 540 9 9 2 2 3 8 6 3 9 7 9 6 7 6 2 6 1 7 2 8 10 6 4 7 5 9 3 5 4 5 3 7 5 3 5 8 1 9 1 2 5 5 6 7
1 9 7 9 3 6 3 5 8 6 5 3 5 4 1 5 1 4 4 1 4 5 9 1 2 6 1 2 4 3 3 3 6 9 5 8 8 1 10 1 10 5 1 9 3 9 10 6 9 6 10 10 8 3 9 3 576 10 7 7 9 6 1 3 2 2 6 8 7 2 10 7 6 5 8 10 3 4 10 7 7 5 9 3 10 10 9 1 7 8 10 5 7 10 10 3 5 9 10 2
9 5 4 3 2 10 5 8 8 10 9 2 2 1 1 9 4 10 10 8 9 3 2 1 5 8 3 4 1 4 10 2 4 8 8 4 10 3 9 7 8 9 10 2 7 6 5 9 10 5 3 1 9 9 10 3 2 607 5 8 5 3 8 10 10 9 5 2 9 2 9 6 3 8 5 9 10 3 9 6 10 3 2 10 4 6 2 9 8 5 8 10 10 8 2 4 6 5 9 6
9 1 9 4 4 5 6 2 10 3 7 1 1 10 6 3 4 8 8 5 5 9 10 3 9 5 10 2 7 4 9 9 8 7 7 1 3 6 2 5 8 6 2 2 1 6 1 8 5 3 4 3 10 8 4 2 6 5 549 8 3 3 5 2 10 10 5 8 2 6 5 10 7 5 10 10 1 6 6 6 2 6 2 6 4 2 9 2 3 9 5 9 7 4 4 4 6 5 10 10
10 2 9 1 8 1 1 2 2 9 2 9 4 2 9 7 2 9 3 8 9 3 5 9 6 5 10 4 4 8 9 9 1 5 8 2 4 8 1 10 3 6 5 9 10 4 4 6 4 10 4 10 7 1 6 1 2 3 3 530 5 2 7 2 7 10 10 3 2 9 1 4 3 6 7 1 10 1 8 4 7 4 8 10 9 5 7 10 1 9 1 1 4 7 2 2 7 4 5 3
10 7 4 4 2 1 3 4 7 10 7 4 9 8 5 7 4 6 1 2 4 3 4 9 8 10 7 2 3 9 5 5 8 1 8 5 7 10 3 8 2 7 9 8 6 1 9 1 9 1 6 6 7 7 2 1 7 2 10 6 533 3 4 7 8 10 8 9 2 4 1 4 6 9 1 9 8 9 8 1 6 2 2 9 1 7 3 2 4 5 1 8 1 6 7 1 6 6 5 5
3 7 5 3 3 8 1 9 7 1 8 7 2 1 4 2 10 5 8 1 4 4 9 10 1 7 3 10 2 6 4 8 10 2 8 3 6 10 9 10 1 2 8 8 9 6 2 5 3 5 10 7 10 6 10 3 1 5 4 3 4 519 10 1 6 10 1 6 1 3 1 9 4 4 7 4 6 1 5 9 3 2 2 1 5 5 2 7 4 10 6 3 2 6 4 2 10 6 9 8
3 6 10 5 9 1 1 9 5 4 3 9 3 10 8 1 9 10 6 3 5 4 10 6 6 3 7 5 10 10 7 6 9 10 6 9 7 6 4 1 2 6 6 7 5 2 3 5 5 6 2 5 2 1 8 1 10 1 10 5 9 2 557 6 10 1 9 10 6 1 5 1 4 5 7 1 4 9 7 5 4 1 10 9 8 10 3 8 5 4 3 8 10 4 7 3 7 3 6 2
4 9 1 6 2 3 4 1 7 6 1 7 7 2 5 6 5 8 4 3 8 9 3 8 3 10 9 8 7 5 7 7 6 6 2 1 6 6 6 5 8 9 3 3 10 1 8 2 2 9 8 7 5 7 4 8 1 2 8 7 9 5 9 550 6 3 6 5 7 3 1 2 5 10 1 2 1 5 8 7 3 3 9 8 5 2 10 9 5 9 1 4 2 2 8 10 9 10 9 10
8 10 2 7 2 2 4 2 8 1 1 1 4 10 4 8 5 5 2 4 3 9 1 9 2 6 1 5 9 2 5 8 7 3 8 3 7 2 2 8 3 4 1 4 1 5 9 8 10 2 4 5 2 9 9 9 8 9 6 3 5 2 6 7 515 9 8 9 6 4 3 9 7 6 8 10 6 8 4 1 3 10 5 1 4 2 6 5 8 4 10 1 1 4 2 6 4 10 6 2
1 5 7 10 5 7 8 2 7 6 5 5 8 10 2 10 3 5 7 5 1 1 7 1 1 7 10 2 1 6 10 3 2 4 4 9 2 1 10 6 4 7 2 9 10 7 8 3 3 2 9 6 6 7 8 5 6 4 6 8 3 9 1 10 2 517 5 10 1 1 7 9 4 4 3 3 1 3 3 3 1 6 9 10 6 6 4 4 7 10 6 2 4 5 1 3 5 4 9 3
7 5 8 10 8 2 4 6 3 10 5 1 10 6 7 9 4 9 1 10 4 8 5 8 1 2 1 7 6 8 3 3 2 10 4 5 4 4 10 1 10 6 2 3 8 5 8 2 3 3 7 4 3 7 8 8 1 9 6 4 5 10 1 3 7 6 564 9 7 2 2 6 9 6 6 3 5 7 3 8 7 3 10 8 10 6 10 1 9 4 7 5 7 9 7 3 5 3 10 4
1 8 3 5 8 1 3 7 3 3 9 8 2 4 10 2 5 1 6 6 7 8 9 9 10 6 4 10 6 10 7 9 8 3 5 6 3 10 5 2 3 5 4 4 3 6 10 4 7 4 7 8 5 10 9 7 5 2 6 4 8 8 9 4 1 6 6 557 5 3 5 8 7 10 9 6 4 2 2 2 2 1 6 9 8 7 6 2 8 5 1 4 2 7 5 4 1 9 9 7
10 3 3 4 9 7 5 9 7 3 7 3 10 7 4 4 4 5 10 7 7 2 2 4 6 3 8 7 4 6 3 5 7 2 4 7 7 10 8 5 8 6 10 1 10 7 5 9 1 4 6 3 2 3 10 9 6 3 10 5 9 7 4 5 1 8 9 4 562 1 1 3 6 1 9 1 4 8 1 4 5 4 7 9 9 1 1 5 3 8 9 6 9 5 10 8 5 9 9 7
6 1 9 2 10 4 9 5 5 7 5 5 3 5 10 9 6 5 5 1 3 1 10 7 2 9 8 5 7 4 2 5 9 10 3 5 10 5 2 10 2 4 4 7 9 3 1 9 5 2 5 1 9 4 3 10 8 4 2 9 10 2 4 7 5 1 8 6 3 541 3 1 5 5 4 6 4 4 5 6 10 2 4 6 2 10 8 6 3 10 7 7 6 2 5 9 3 5 7 7
3 2 2 10 5 1 5 3 2 3 9 4 10 8 10 10 1 5 2 6 7 3 1 9 10 4 10 7 3 3 3 5 9 4 3 4 9 6 6 3 4 1 5 9 2 5 6 1 8 7 8 2 2 9 5 4 5 10 9 10 1 2 1 6 10 3 2 6 8 8 512 7 9 5 1 1 8 10 3 9 4 4 8 1 4 9 2 2 5 2 7 4 6 6 2 10 3 4 2 1
6 8 9 6 4 8 4 8 5 10 10 10 8 10 8 2 7 6 9 7 10 10 10 2 1 9 7 6 3 6 10 6 10 7 10 6 10 7 3 9 3 9 6 6 3 5 8 1 2 2 9 8 4 9 6 10 3 6 5 5 1 9 8 7 2 8 1 9 7 1 5 600 2 9 3 10 7 6 2 2 9 10 8 3 4 9 9 1 1 2 3 3 2 9 5 5 7 3 9 1
8 1 7 9 3 4 10 5 8 7 4 4 8 10 9 6 3 8 6 8 10 1 4 1 10 7 9 9 3 5 10 3 9 7 9 8 3 9 2 2 3 8 8 4 2 10 6 4 4 1 1 5 5 8 4 10 6 7 3 6 6 8 1 1 8 3 6 7 8 1 8 7 564 1 5 9 1 7 6 1 1 7 8 8 6 8 2 4 7 8 8 2 7 6 2 8 3 7 6 4
7 1 8 8 8 6 5 10 6 2 2 8 8 2 7 4 1 9 6 10 8 2 5 3 10 2 7 6 1 10 3 4 10 9 4 9 4 10 7 7 7 5 5 7 2 7 1 9 1 5 4 6 6 1 7 10 4 8 3 10 10 8 7 6 1 6 8 3 2 3 1 10 8 559 3 3 5 1 5 9 10 1 8 6 3 7 3 1 5 1 10 10 8 5 5 10 8 2 2 5
10 2 8 5 3 2 10 9 10 10 7 8 4 6 7 4 5 3 4 7 9 10 3 5 8 1 1 4 4 9 10 2 2 3 2 9 3 3 6 6 10 4 10 5 8 9 7 9 9 4 3 7 2 9 3 2 10 7 3 3 5 6 3 2 9 6 4 10 4 4 9 9 5 10 570 3 2 7 5 2 9 3 7 8 8 10 10 6 3 4 6 7 1 4 5 9 6 1 7 2
2 2 4 2 6 6 5 2 9 2 3 10 1 7 10 5 3 6 4 7 7 6 5 4 4 3 8 3 3 6 1 2 6 4 7 4 6 1 6 10 5 10 1 10 2 4 3 10 6 2 6 10 5 4 2 9 10 10 2 8 4 8 10 10 2 7 3 4 5 8 7 2 9 10 5 557 10 10 5 1 5 9 4 5 10 3 7 7 7 6 1 4 9 1 8 9 9 6 9 4
7 6 1 2 6 4 4 10 4 8 3 5 7 1 4 7 1 2 6 2 9 7 1 6 6 9 9 5 5 8 8 9 8 1 10 10 6 4 10 1 7 2 3 9 6 9 3 4 7 1 9 10 9 7 2 7 1 8 6 5 9 5 3 8 5 2 3 8 4 1 9 10 4 1 8 2 559 9 6 10 8 5 8 3 7 3 5 4 9 1 5 3 3 8 2 8 10 5 8 9
5 7 6 4 1 6 5 1 1 4 9 10 2 6 5 2 10 7 3 2 1 1 5 6 4 10 10 5 5 3 4 4 7 10 10 3 3 5 6 10 5 6 2 7 10 1 2 3 10 7 8 7 8 9 7 8 5 1 3 1 3 2 5 2 7 6 4 6 5 7 2 5 5 5 10 4 4 515 2 7 6 8 6 6 5 1 7 8 3 6 8 6 7 1 10 3 3 5 3 3
8 2 7 2 4 2 9 10 8 9 7 4 9 1 10 7 4 2 8 2 4 5 2 3 7 1 2 10 4 1 2 2 7 9 5 6 10 9 1 6 4 1 4 6 6 8 1 9 4 2 1 6 7 3 1 8 3 3 1 6 7 8 10 7 9 9 6 2 2 2 9 10 7 4 10 8 1 8 526 9 5 6 5 6 6 1 7 7 9 6 4 10 9 5 2 3 1 3 3 3
6 4 2 10 3 10 1 4 4 10 6 7 3 4 10 5 2 2 8 8 8 10 6 8 7 2 3 9 10 6 3 7 10 10 4 7 8 10 5 10 6 4 9 1 3 8 5 9 8 3 1 4 2 3 2 6 9 7 1 5 8 7 1 6 6 5 8 7 8 8 9 7 8 9 8 4 8 3 7 585 9 2 8 5 5 5 6 9 1 4 5 2 3 10 8 7 6 10 1 3
6 5 3 10 4 4 3 3 9 6 4 1 6 4 5 10 6 6 1 2 5 3 6 4 3 4 8 1 6 3 5 3 6 10 3 7 5 6 9 9 8 4 6 2 9 5 5 3 4 6 6 1 5 10 1 7 2 1 10 9 10 10 3 6 6 7 9 7 5 8 9 7 3 6 4 4 7 3 4 1 544 7 10 1 10 7 10 1 5 3 10 7 6 9 4 2 1 9 10 1
5 10 7 3 3 5 1 5 5 10 8 9 9 7 3 2 10 1 8 4 3 8 7 2 6 8 5 9 2 3 6 5 4 10 2 7 7 9 10 9 2 2 10 5 5 3 5 4 7 10 9 4 9 4 10 7 10 1 2 6 7 9 6 1 5 10 5 3 3 1 3 4 9 2 10 10 8 3 5 3 3 589 8 6 8 5 8 10 3 6 9 9 9 10 7 7 4 1 6 8
5 7 8 4 3 1 3 2 10 8 7 3 1 2 4 1 8 5 3 8 5 5 6 6 3 1 3 1 1 1 3 10 10 9 8 9 1 5 3 3 6 3 3 7 7 8 10 2 5 5 9 2 8 3 8 7 1 7 3 6 7 10 3 1 7 5 2 6 6 10 5 2 4 10 7 10 4 5 9 4 9 5 527 7 5 6 8 7 7 6 1 5 7 4 4 4 8 6 7 7
1 6 8 2 7 9 7 8 3 2 4 6 8 2 2 7 10 1 4 6 7 3 7 6 1 10 2 5 2 8 3 8 7 5 1 2 5 3 9 10 2 2 4 4 3 4 9 2 1 1 4 4 8 2 8 1 3 1 3 9 6 10 5 2 8 8 9 3 5 7 2 3 8 5 1 4 2 9 3 4 6 2 7 494 9 9 5 8 4 7 8 7 7 1 6 6 2 5 1 4
3 8 7 10 6 10 7 4 6 6 7 9 6 4 7 7 4 6 3 5 4 3 10 6 2 7 3 7 10 6 10 8 9 5 1 7 5 9 8 6 7 8 8 8 7 9 8 10 7 1 9 10 4 10 3 9 1 10 4 8 5 8 6 6 4 2 3 8 5 10 1 1 10 10 7 3 10 4 7 4 7 6 7 2 602 7 3 10 4 5 7 1 3 6 5 7 1 3 4 5
2 2 10 3 9 6 6 1 1 2 7 6 7 10 9 3 1 1 9 7 5 3 3 5 5 2 2 2 8 2 9 4 10 9 3 4 5 2 1 2 2 6 5 5 3 3 5 2 7 9 5 7 2 9 5 1 6 6 9 7 1 8 3 5 5 10 1 6 2 7 8 4 5 6 4 5 2 1 8 9 8 6 8 2 5 491 5 6 2 1 2 9 1 6 8 8 7 1 6 5
2 10 3 2 1 3 7 3 7 7 7 10 4 8 9 6 4 3 7 2 4 7 7 5 7 1 7 5 5 2 2 1 6 7 2 8 4 7 2 7 9 1 9 10 7 2 9 6 4 5 6 8 10 3 8 2 1 2 2 5 2 8 3 6 7 1 8 10 2 7 10 6 6 6 7 9 10 3 3 10 7 6 3 2 10 10 538 8 2 5 2 1 4 8 10 4 4 1 10 6
5 10 8 5 3 3 1 4 9 1 9 10 8 1 8 6 5 4 8 10 4 5 9 3 5 6 1 1 4 6 6 5 6 4 3 9 10 8 10 7 6 10 3 3 10 5 6 10 3 10 9 8 2 6 2 8 1 4 10 2 6 10 9 9 7 8 4 10 3 1 2 6 10 9 3 8 2 10 5 7 2 3 10 9 5 7 1 581 7 3 2 8 3 10 2 2 4 9 7 6
2 7 9 10 9 2 5 5 8 10 7 5 8 7 2 2 5 7 3 9 10 3 7 7 2 6 1 2 4 6 6 2 10 9 10 2 8 9 1 3 5 2 8 10 7 5 2 1 10 8 9 4 8 9 8 8 6 2 5 1 10 6 3 10 7 1 1 3 2 1 6 1 5 2 2 5 6 5 10 3 9 9 1 7 6 8 6 8 553 4 4 2 10 6 1 6 1 7 10 10
9 5 3 10 1 10 8 4 8 10 5 2 8 3 8 6 6 7 5 4 10 10 9 10 10 9 8 4 9 2 6 2 9 7 1 5 10 3 2 7 5 6 7 10 10 3 8 2 9 8 5 1 6 10 6 1 9 1 7 4 4 8 5 6 1 2 9 10 2 6 1 6 6 7 10 5 3 1 1 10 1 5 6 9 4 1 9 7 9 582 8 8 1 8 2 6 7 3 4 7
4 3 7 9 6 2 5 2 5 9 3 10 10 3 3 7 9 6 3 1 10 10 4 3 7 8 7 4 8 8 5 2 2 8 3 9 8 10 10 8 2 1 8 7 8 4 8 1 9 10 2 1 7 10 10 8 10 2 8 9 4 7 1 7 6 1 4 1 6 7 2 2 9 4 7 5 7 10 7 2 10 9 3 8 5 10 8 2 9 6 590 7 5 9 9 1 4 10 2 5
6 9 2 1 9 3 2 9 9 8 3 6 10 5 3 2 3 1 6 9 6 8 4 4 3 7 2 2 5 4 7 8 9 8 7 8 7 9 5 10 1 8 3 7 9 6 4 1 10 1 8 7 7 4 8 1 7 9 2 9 7 7 1 5 4 6 7 3 9 8 6 5 5 7 5 2 8 6 6 3 2 6 1 6 2 5 2 1 8 9 8 545 2 3 3 9 10 2 3 10
2 9 8 4 10 9 6 5 2 3 1 3 4 10 10 3 1 2 7 6 8 2 2 5 3 3 9 7 6 5 2 10 3 4 4 4 4 4 9 3 2 4 8 10 2 5 6 2 4 6 8 2 6 4 9 1 7 8 4 8 7 2 5 10 4 2 9 9 7 3 3 1 1 4 3 2 8 10 8 7 7 1 5 8 8 5 9 9 10 7 9 10 539 8 2 8 2 4 9 3
10 2 7 10 2 4 5 5 2 7 6 4 2 7 4 10 1 1 2 9 5 1 9 7 2 4 3 1 8 7 2 6 5 10 5 2 9 2 4 7 3 6 2 1 3 6 3 4 7 2 3 5 1 10 8 2 5 8 6 10 7 7 5 2 4 6 3 4 5 7 4 6 3 8 9 5 8 9 2 9 5 5 1 5 4 1 7 3 8 6 4 5 2 502 3 5 4 8 5 10
10 6 2 10 3 1 8 9 3 5 4 8 6 3 4 5 4 5 2 5 3 4 1 2 1 4 3 9 10 10 8 10 7 8 2 9 9 6 4 4 2 10 8 8 2 10 2 10 9 8 10 10 10 6 10 8 4 10 3 3 1 6 3 9 6 4 1 1 8 3 3 7 6 7 6 3 5 9 8 10 4 9 8 2 2 9 7 10 10 9 9 3 4 3 581 2 4 6 2 8
10 3 4 1 3 7 8 8 1 5 7 6 4 6 8 4 3 5 5 5 10 1 7 2 10 10 4 4 9 1 4 7 8 5 1 2 10 6 7 9 3 3 3 1 3 10 3 10 4 6 5 8 1 8 4 6 10 9 10 8 3 5 2 8 9 3 7 7 2 4 10 10 5 5 5 5 7 7 6 2 6 6 1 9 6 6 4 10 9 1 2 1 8 3 4 544 4 7 7 2
10 7 7 7 8 2 6 8 10 4 3 4 7 1 7 7 4 1 2 4 2 5 10 9 6 10 9 10 7 9 10 4 3 10 7 1 2 4 8 9 9 6 9 1 6 3 10 5 3 5 6 2 1 3 5 8 1 10 10 5 8 5 2 7 5 4 9 9 6 10 2 7 2 2 1 2 9 6 1 3 10 9 5 8 3 5 4 3 7 6 10 7 5 1 5 4 567 7 10 2
7 2 4 2 5 6 3 3 2 9 7 2 6 5 10 8 6 10 3 7 2 3 5 5 7 5 7 1 1 1 10 8 9 1 6 4 6 5 9 2 1 3 8 4 2 1 2 4 4 3 6 2 2 1 6 7 10 8 8 7 9 4 7 5 2 7 2 2 10 8 6 4 8 1 5 5 1 9 9 1 5 1 10 6 5 5 1 1 2 5 5 5 8 7 2 2 6 484 2 6
10 8 5 8 10 3 8 9 6 2 8 9 3 6 5 9 2 6 9 4 5 2 6 6 3 9 5 10 6 8 2 6 9 4 4 1 9 9 9 7 1 8 3 2 8 8 5 7 2 4 10 7 1 10 5 4 1 4 3 6 2 7 3 2 2 1 8 3 3 1 7 10 9 10 8 4 2 6 6 7 1 5 10 1 10 1 3 10 6 10 6 4 4 2 9 6 3 2 549 2
8 2 5 8 2 5 6 9 9 6 4 2 6 2 7 5 5 10 5 1 10 8 7 7 1 4 1 1 6 2 5 7 2 4 3 9 7 7 9 6 6 5 6 6 2 2 6 9 8 5 3 8 5 6 5 3 6 10 7 4 1 2 8 3 6 4 2 1 9 10 7 5 8 1 6 9 3 3 5 4 5 8 7 9 5 3 4 10 1 8 1 9 1 8 3 3 5 8 3 527
