8264
8688
8280
8408
9008
8968
9176
8536
8040
8424
9360
8920
8592
9240
8304
9672
9016
8648
8904
8448
8656
8320
8784
8928
9400
8704
8400
8944
9128
8784
8624
8648
8960
8712
8576
8688
9288
9976
9480
9152
8536
8816
9288
8744
8704
8464
8896
8208
8576
8784
8064
8504
9192
9400
8736
8632
9184
9688
8776
8448
8496
8296
8896
8784
8224
8240
9000
8880
8984
8632
8160
9592
8992
8920
9112
8888
8936
8232
8400
9352
8672
9400
8424
7872
9608
7832
8600
9264
8840
9304
9416
8704
8608
8000
9264
8696
9040
7728
8752
8400
