X Err_m1 Err_m2 Err_m3 Err_m4 Err_m5 Err_m6 Err_m7 Err_m8 Err_m9 Err_m10
8.000000 0.005990 0.055913 0.142785 0.012441 0.040152 0.004307 0.003830 0.013823 0.000801 0.000794
8.016694 0.003917 0.053323 0.138300 0.013053 0.036143 0.003973 0.002860 0.010423 0.000569 0.000553
8.033389 0.001855 0.050746 0.133843 0.013613 0.032269 0.003639 0.001954 0.007251 0.000353 0.000330
8.050083 0.000196 0.048181 0.129415 0.014124 0.028529 0.003308 0.001112 0.004299 0.000153 0.000124
8.066778 0.002235 0.045630 0.125017 0.014585 0.024920 0.002978 0.000330 0.001557 0.000031 0.000066
8.083472 0.004262 0.043093 0.120648 0.014998 0.021441 0.002651 0.000394 0.000982 0.000201 0.000241
8.100167 0.006277 0.040570 0.116310 0.015365 0.018088 0.002328 0.001062 0.003327 0.000357 0.000401
8.116861 0.008278 0.038063 0.112003 0.015686 0.014860 0.002008 0.001677 0.005485 0.000500 0.000547
8.133556 0.010265 0.035571 0.107727 0.015963 0.011754 0.001692 0.002240 0.007465 0.000629 0.000679
8.150250 0.012238 0.033095 0.103483 0.016196 0.008769 0.001380 0.002754 0.009273 0.000747 0.000798
8.166945 0.014195 0.030635 0.099272 0.016387 0.005901 0.001074 0.003221 0.010918 0.000852 0.000904
8.183639 0.016138 0.028193 0.095093 0.016537 0.003150 0.000772 0.003642 0.012405 0.000946 0.000999
8.200334 0.018064 0.025769 0.090947 0.016646 0.000512 0.000476 0.004021 0.013743 0.001030 0.001082
8.217028 0.019974 0.023362 0.086835 0.016717 0.002015 0.000186 0.004358 0.014938 0.001103 0.001155
8.233723 0.021867 0.020975 0.082758 0.016749 0.004432 0.000099 0.004655 0.015996 0.001166 0.001217
8.250417 0.023743 0.018606 0.078715 0.016744 0.006742 0.000377 0.004915 0.016923 0.001220 0.001270
8.267112 0.025600 0.016258 0.074707 0.016704 0.008946 0.000648 0.005139 0.017727 0.001265 0.001313
8.283806 0.027439 0.013929 0.070734 0.016628 0.011048 0.000912 0.005330 0.018413 0.001301 0.001348
8.300501 0.029259 0.011621 0.066797 0.016519 0.013048 0.001170 0.005487 0.018986 0.001330 0.001374
8.317195 0.031060 0.009335 0.062897 0.016376 0.014950 0.001420 0.005614 0.019453 0.001351 0.001393
8.333890 0.032841 0.007070 0.059034 0.016202 0.016754 0.001662 0.005712 0.019819 0.001365 0.001404
8.350584 0.034601 0.004827 0.055208 0.015997 0.018464 0.001897 0.005782 0.020089 0.001372 0.001408
8.367279 0.036340 0.002607 0.051419 0.015763 0.020080 0.002124 0.005826 0.020268 0.001373 0.001405
8.383973 0.038058 0.000410 0.047668 0.015499 0.021606 0.002343 0.005845 0.020362 0.001367 0.001397
8.400668 0.039755 0.001764 0.043956 0.015208 0.023043 0.002553 0.005841 0.020375 0.001356 0.001382
8.417362 0.041429 0.003913 0.040283 0.014889 0.024393 0.002756 0.005815 0.020312 0.001340 0.001362
8.434057 0.043080 0.006038 0.036649 0.014545 0.025657 0.002950 0.005768 0.020178 0.001319 0.001338
8.450751 0.044708 0.008139 0.033055 0.014176 0.026839 0.003135 0.005702 0.019977 0.001293 0.001308
8.467446 0.046313 0.010214 0.029500 0.013783 0.027939 0.003312 0.005618 0.019713 0.001263 0.001274
8.484140 0.047894 0.012263 0.025986 0.013367 0.028959 0.003480 0.005517 0.019391 0.001230 0.001237
8.500835 0.049450 0.014286 0.022513 0.012929 0.029903 0.003640 0.005401 0.019014 0.001192 0.001195
8.517529 0.050981 0.016283 0.019081 0.012470 0.030770 0.003791 0.005269 0.018586 0.001151 0.001151
8.534224 0.052487 0.018252 0.015690 0.011990 0.031564 0.003933 0.005125 0.018112 0.001107 0.001103
8.550918 0.053968 0.020195 0.012341 0.011492 0.032286 0.004066 0.004967 0.017594 0.001061 0.001052
8.567613 0.055423 0.022109 0.009034 0.010974 0.032937 0.004190 0.004799 0.017036 0.001011 0.000999
8.584307 0.056851 0.023996 0.005770 0.010440 0.033520 0.004306 0.004619 0.016442 0.000960 0.000944
8.601002 0.058252 0.025853 0.002548 0.009888 0.034037 0.004413 0.004431 0.015814 0.000907 0.000887
8.617696 0.059626 0.027683 0.000630 0.009321 0.034488 0.004511 0.004234 0.015157 0.000851 0.000828
8.634391 0.060973 0.029482 0.003765 0.008739 0.034877 0.004600 0.004029 0.014472 0.000795 0.000768
8.651085 0.062292 0.031253 0.006857 0.008143 0.035204 0.004680 0.003817 0.013763 0.000736 0.000707
8.667780 0.063583 0.032993 0.009904 0.007533 0.035471 0.004752 0.003599 0.013033 0.000677 0.000645
8.684474 0.064845 0.034703 0.012908 0.006911 0.035680 0.004815 0.003376 0.012283 0.000617 0.000581
8.701169 0.066078 0.036383 0.015866 0.006278 0.035832 0.004869 0.003148 0.011518 0.000556 0.000518
8.717863 0.067282 0.038031 0.018780 0.005634 0.035930 0.004915 0.002917 0.010739 0.000495 0.000453
8.734558 0.068457 0.039648 0.021649 0.004980 0.035975 0.004953 0.002682 0.009948 0.000434 0.000389
8.751252 0.069602 0.041234 0.024473 0.004316 0.035968 0.004982 0.002446 0.009149 0.000372 0.000325
8.767947 0.070717 0.042788 0.027250 0.003645 0.035911 0.005003 0.002207 0.008342 0.000310 0.000261
8.784641 0.071801 0.044310 0.029983 0.002966 0.035806 0.005016 0.001967 0.007531 0.000248 0.000197
8.801336 0.072855 0.045800 0.032669 0.002279 0.035654 0.005020 0.001727 0.006716 0.000187 0.000133
8.818030 0.073877 0.047256 0.035309 0.001587 0.035456 0.005017 0.001486 0.005901 0.000126 0.000071
8.834725 0.074869 0.048680 0.037902 0.000890 0.035215 0.005006 0.001246 0.005086 0.000066 0.000009
8.851419 0.075829 0.050071 0.040449 0.000187 0.034932 0.004988 0.001008 0.004274 0.000006 0.000053
8.868114 0.076757 0.051428 0.042949 0.000519 0.034607 0.004962 0.000770 0.003466 0.000052 0.000113
8.884808 0.077654 0.052752 0.045402 0.001228 0.034244 0.004928 0.000535 0.002664 0.000110 0.000172
8.901503 0.078518 0.054041 0.047807 0.001940 0.033842 0.004887 0.000302 0.001869 0.000167 0.000230
8.918197 0.079350 0.055297 0.050166 0.002654 0.033404 0.004840 0.000072 0.001083 0.000223 0.000286
8.934891 0.080149 0.056518 0.052476 0.003369 0.032931 0.004785 0.000155 0.000306 0.000277 0.000341
8.951586 0.080916 0.057705 0.054740 0.004084 0.032424 0.004723 0.000379 0.000459 0.000330 0.000395
8.968280 0.081649 0.058857 0.056955 0.004799 0.031885 0.004655 0.000598 0.001212 0.000381 0.000447
8.984975 0.082349 0.059974 0.059122 0.005514 0.031315 0.004581 0.000814 0.001952 0.000432 0.000497
9.001669 0.083016 0.061056 0.061242 0.006227 0.030715 0.004500 0.001024 0.002677 0.000480 0.000546
9.018364 0.083650 0.062102 0.063313 0.006938 0.030087 0.004413 0.001230 0.003386 0.000527 0.000593
9.035058 0.084250 0.063114 0.065336 0.007646 0.029432 0.004320 0.001431 0.004079 0.000572 0.000638
9.051753 0.084815 0.064090 0.067310 0.008351 0.028752 0.004221 0.001626 0.004756 0.000616 0.000681
9.068447 0.085348 0.065030 0.069236 0.009053 0.028046 0.004117 0.001816 0.005414 0.000657 0.000722
9.085142 0.085845 0.065934 0.071114 0.009750 0.027318 0.004007 0.002000 0.006053 0.000697 0.000761
9.101836 0.086309 0.066803 0.072943 0.010442 0.026567 0.003892 0.002178 0.006673 0.000735 0.000798
9.118531 0.086739 0.067635 0.074724 0.011128 0.025796 0.003773 0.002350 0.007273 0.000771 0.000833
9.135225 0.087134 0.068431 0.076455 0.011809 0.025005 0.003648 0.002515 0.007852 0.000805 0.000866
9.151920 0.087494 0.069191 0.078139 0.012483 0.024196 0.003519 0.002674 0.008411 0.000837 0.000897
9.168614 0.087821 0.069915 0.079773 0.013150 0.023369 0.003385 0.002827 0.008947 0.000867 0.000926
9.185309 0.088112 0.070603 0.081359 0.013809 0.022526 0.003248 0.002972 0.009462 0.000895 0.000952
9.202003 0.088369 0.071254 0.082895 0.014460 0.021668 0.003106 0.003111 0.009955 0.000921 0.000976
9.218698 0.088591 0.071868 0.084384 0.015103 0.020796 0.002960 0.003243 0.010425 0.000945 0.000999
9.235392 0.088778 0.072446 0.085823 0.015737 0.019911 0.002811 0.003368 0.010872 0.000967 0.001019
9.252087 0.088930 0.072988 0.087214 0.016361 0.019014 0.002658 0.003486 0.011296 0.000986 0.001037
9.268781 0.089048 0.073493 0.088556 0.016975 0.018106 0.002503 0.003596 0.011696 0.001004 0.001052
9.285476 0.089131 0.073961 0.089849 0.017580 0.017189 0.002344 0.003700 0.012073 0.001020 0.001066
9.302170 0.089179 0.074393 0.091094 0.018173 0.016262 0.002182 0.003796 0.012427 0.001034 0.001078
9.318865 0.089192 0.074788 0.092290 0.018755 0.015328 0.002018 0.003885 0.012757 0.001045 0.001087
9.335559 0.089170 0.075147 0.093438 0.019326 0.014387 0.001851 0.003967 0.013063 0.001055 0.001094
9.352254 0.089114 0.075469 0.094538 0.019885 0.013440 0.001683 0.004042 0.013346 0.001062 0.001099
9.368948 0.089022 0.075755 0.095589 0.020431 0.012488 0.001512 0.004109 0.013605 0.001068 0.001103
9.385643 0.088896 0.076004 0.096592 0.020965 0.011532 0.001339 0.004170 0.013840 0.001072 0.001104
9.402337 0.088736 0.076217 0.097547 0.021486 0.010573 0.001165 0.004223 0.014052 0.001074 0.001103
9.419032 0.088541 0.076394 0.098454 0.021994 0.009611 0.000990 0.004269 0.014241 0.001073 0.001100
9.435726 0.088311 0.076534 0.099314 0.022488 0.008648 0.000813 0.004309 0.014406 0.001071 0.001095
9.452421 0.088047 0.076639 0.100125 0.022968 0.007685 0.000635 0.004341 0.014549 0.001068 0.001089
9.469115 0.087749 0.076707 0.100890 0.023433 0.006721 0.000457 0.004366 0.014668 0.001062 0.001080
9.485810 0.087416 0.076739 0.101607 0.023884 0.005758 0.000278 0.004385 0.014765 0.001054 0.001070
9.502504 0.087050 0.076736 0.102276 0.024321 0.004798 0.000098 0.004397 0.014840 0.001045 0.001058
9.519199 0.086649 0.076697 0.102899 0.024742 0.003839 0.000081 0.004402 0.014893 0.001034 0.001044
9.535893 0.086214 0.076622 0.103475 0.025148 0.002884 0.000261 0.004401 0.014924 0.001022 0.001029
9.552588 0.085746 0.076512 0.104004 0.025538 0.001933 0.000441 0.004393 0.014934 0.001008 0.001011
9.569282 0.085245 0.076366 0.104487 0.025913 0.000986 0.000620 0.004379 0.014922 0.000992 0.000993
9.585977 0.084710 0.076186 0.104923 0.026271 0.000045 0.000799 0.004359 0.014890 0.000975 0.000973
9.602671 0.084141 0.075970 0.105314 0.026614 0.000890 0.000977 0.004333 0.014838 0.000956 0.000951
9.619366 0.083540 0.075720 0.105659 0.026939 0.001818 0.001154 0.004301 0.014765 0.000936 0.000928
9.636060 0.082906 0.075435 0.105958 0.027249 0.002739 0.001330 0.004263 0.014673 0.000914 0.000903
9.652755 0.082239 0.075116 0.106212 0.027541 0.003652 0.001505 0.004219 0.014563 0.000892 0.000878
9.669449 0.081540 0.074763 0.106422 0.027816 0.004557 0.001679 0.004170 0.014433 0.000868 0.000851
9.686144 0.080808 0.074375 0.106586 0.028075 0.005452 0.001851 0.004116 0.014285 0.000842 0.000823
9.702838 0.080045 0.073954 0.106706 0.028316 0.006337 0.002021 0.004056 0.014120 0.000816 0.000793
9.719533 0.079250 0.073500 0.106782 0.028540 0.007213 0.002190 0.003991 0.013937 0.000788 0.000763
9.736227 0.078423 0.073012 0.106814 0.028746 0.008077 0.002356 0.003921 0.013737 0.000759 0.000731
9.752922 0.077565 0.072491 0.106803 0.028934 0.008930 0.002520 0.003847 0.013521 0.000730 0.000699
9.769616 0.076676 0.071938 0.106748 0.029105 0.009772 0.002682 0.003768 0.013290 0.000699 0.000666
9.786311 0.075757 0.071352 0.106651 0.029258 0.010601 0.002842 0.003684 0.013043 0.000668 0.000631
9.803005 0.074807 0.070734 0.106510 0.029394 0.011417 0.002999 0.003596 0.012781 0.000635 0.000596
9.819699 0.073826 0.070084 0.106328 0.029511 0.012220 0.003153 0.003504 0.012505 0.000602 0.000561
9.836394 0.072816 0.069403 0.106104 0.029610 0.013009 0.003304 0.003408 0.012216 0.000568 0.000524
9.853088 0.071777 0.068690 0.105838 0.029692 0.013784 0.003452 0.003309 0.011913 0.000534 0.000487
9.869783 0.070708 0.067946 0.105531 0.029755 0.014544 0.003597 0.003205 0.011598 0.000499 0.000450
9.886477 0.069610 0.067172 0.105184 0.029800 0.015290 0.003739 0.003099 0.011270 0.000463 0.000412
9.903172 0.068484 0.066367 0.104796 0.029827 0.016020 0.003877 0.002989 0.010931 0.000427 0.000373
9.919866 0.067329 0.065532 0.104368 0.029836 0.016735 0.004012 0.002876 0.010581 0.000390 0.000335
9.936561 0.066146 0.064668 0.103900 0.029827 0.017434 0.004143 0.002760 0.010221 0.000353 0.000295
9.953255 0.064936 0.063774 0.103393 0.029800 0.018116 0.004271 0.002641 0.009851 0.000315 0.000256
9.969950 0.063699 0.062851 0.102847 0.029755 0.018782 0.004394 0.002520 0.009471 0.000278 0.000216
9.986644 0.062434 0.061900 0.102263 0.029692 0.019431 0.004514 0.002396 0.009083 0.000240 0.000177
10.003339 0.061144 0.060920 0.101642 0.029611 0.020062 0.004630 0.002271 0.008687 0.000202 0.000137
10.020033 0.059827 0.059913 0.100982 0.029512 0.020676 0.004741 0.002143 0.008282 0.000164 0.000097
10.036728 0.058484 0.058879 0.100286 0.029395 0.021273 0.004849 0.002013 0.007871 0.000125 0.000057
10.053422 0.057117 0.057817 0.099552 0.029260 0.021851 0.004952 0.001882 0.007453 0.000087 0.000017
10.070117 0.055724 0.056729 0.098783 0.029108 0.022411 0.005050 0.001749 0.007030 0.000049 0.000022
10.086811 0.054307 0.055614 0.097978 0.028938 0.022953 0.005145 0.001615 0.006600 0.000011 0.000062
10.103506 0.052865 0.054474 0.097138 0.028751 0.023476 0.005234 0.001479 0.006166 0.000027 0.000101
10.120200 0.051401 0.053308 0.096263 0.028546 0.023981 0.005319 0.001343 0.005727 0.000065 0.000140
10.136895 0.049912 0.052117 0.095354 0.028324 0.024466 0.005400 0.001206 0.005285 0.000103 0.000179
10.153589 0.048402 0.050902 0.094411 0.028085 0.024933 0.005476 0.001068 0.004839 0.000140 0.000217
10.170284 0.046868 0.049663 0.093435 0.027829 0.025380 0.005547 0.000930 0.004391 0.000177 0.000255
10.186978 0.045313 0.048400 0.092426 0.027556 0.025807 0.005613 0.000791 0.003940 0.000214 0.000292
10.203673 0.043737 0.047114 0.091385 0.027266 0.026216 0.005674 0.000652 0.003487 0.000250 0.000329
10.220367 0.042139 0.045805 0.090312 0.026960 0.026604 0.005731 0.000513 0.003033 0.000286 0.000365
10.237062 0.040521 0.044474 0.089208 0.026638 0.026973 0.005782 0.000374 0.002578 0.000321 0.000401
10.253756 0.038883 0.043122 0.088073 0.026299 0.027322 0.005829 0.000236 0.002123 0.000355 0.000436
10.270451 0.037226 0.041748 0.086908 0.025944 0.027652 0.005870 0.000097 0.001668 0.000390 0.000470
10.287145 0.035549 0.040353 0.085714 0.025574 0.027961 0.005907 0.000040 0.001214 0.000423 0.000504
10.303840 0.033854 0.038938 0.084490 0.025188 0.028251 0.005938 0.000177 0.000761 0.000456 0.000537
10.320534 0.032140 0.037503 0.083238 0.024786 0.028521 0.005964 0.000313 0.000310 0.000488 0.000569
10.337229 0.030410 0.036049 0.081958 0.024369 0.028770 0.005986 0.000448 0.000140 0.000519 0.000600
10.353923 0.028662 0.034576 0.080650 0.023938 0.029000 0.006002 0.000582 0.000586 0.000550 0.000630
10.370618 0.026897 0.033084 0.079316 0.023491 0.029210 0.006013 0.000715 0.001030 0.000580 0.000660
10.387312 0.025116 0.031575 0.077955 0.023030 0.029400 0.006019 0.000846 0.001471 0.000609 0.000688
10.404007 0.023320 0.030049 0.076569 0.022555 0.029570 0.006020 0.000975 0.001908 0.000637 0.000716
10.420701 0.021509 0.028506 0.075157 0.022066 0.029720 0.006015 0.001103 0.002340 0.000664 0.000742
10.437396 0.019684 0.026947 0.073721 0.021563 0.029851 0.006006 0.001230 0.002768 0.000690 0.000768
10.454090 0.017844 0.025372 0.072261 0.021046 0.029962 0.005992 0.001354 0.003191 0.000716 0.000792
10.470785 0.015991 0.023781 0.070777 0.020517 0.030053 0.005973 0.001477 0.003609 0.000740 0.000816
10.487479 0.014125 0.022177 0.069271 0.019974 0.030124 0.005948 0.001597 0.004021 0.000764 0.000838
10.504174 0.012247 0.020558 0.067743 0.019419 0.030176 0.005919 0.001715 0.004427 0.000786 0.000860
10.520868 0.010357 0.018926 0.066193 0.018851 0.030209 0.005884 0.001831 0.004827 0.000807 0.000880
10.537563 0.008456 0.017280 0.064622 0.018271 0.030222 0.005845 0.001944 0.005219 0.000828 0.000899
10.554257 0.006544 0.015622 0.063030 0.017679 0.030217 0.005801 0.002055 0.005605 0.000847 0.000917
10.570952 0.004622 0.013953 0.061419 0.017076 0.030192 0.005752 0.002163 0.005983 0.000865 0.000934
10.587646 0.002690 0.012272 0.059789 0.016461 0.030149 0.005698 0.002269 0.006353 0.000882 0.000949
10.604341 0.000749 0.010580 0.058140 0.015836 0.030086 0.005640 0.002371 0.006716 0.000898 0.000964
10.621035 0.001200 0.008878 0.056473 0.015200 0.030006 0.005576 0.002471 0.007070 0.000913 0.000977
10.637730 0.003157 0.007167 0.054789 0.014554 0.029907 0.005508 0.002568 0.007416 0.000927 0.000989
10.654424 0.005121 0.005446 0.053088 0.013898 0.029790 0.005436 0.002662 0.007752 0.000939 0.000999
10.671119 0.007092 0.003717 0.051372 0.013232 0.029654 0.005359 0.002753 0.008080 0.000951 0.001009
10.687813 0.009070 0.001980 0.049639 0.012556 0.029501 0.005277 0.002840 0.008398 0.000961 0.001017
10.704508 0.011053 0.000236 0.047892 0.011872 0.029331 0.005192 0.002925 0.008707 0.000970 0.001024
10.721202 0.013041 0.001515 0.046131 0.011180 0.029143 0.005101 0.003006 0.009006 0.000978 0.001030
10.737896 0.015033 0.003272 0.044356 0.010478 0.028938 0.005007 0.003084 0.009295 0.000985 0.001035
10.754591 0.017029 0.005035 0.042568 0.009769 0.028716 0.004908 0.003158 0.009574 0.000990 0.001038
10.771285 0.019029 0.006803 0.040768 0.009053 0.028477 0.004805 0.003229 0.009843 0.000995 0.001040
10.787980 0.021031 0.008575 0.038957 0.008329 0.028222 0.004699 0.003297 0.010101 0.000998 0.001041
10.804674 0.023036 0.010351 0.037134 0.007598 0.027951 0.004588 0.003361 0.010348 0.001000 0.001041
10.821369 0.025042 0.012131 0.035301 0.006861 0.027663 0.004474 0.003421 0.010585 0.001001 0.001039
10.838063 0.027049 0.013913 0.033458 0.006117 0.027360 0.004355 0.003478 0.010810 0.001000 0.001036
10.854758 0.029056 0.015697 0.031606 0.005368 0.027042 0.004233 0.003531 0.011024 0.000999 0.001032
10.871452 0.031063 0.017483 0.029745 0.004613 0.026708 0.004108 0.003581 0.011228 0.000996 0.001027
10.888147 0.033070 0.019270 0.027877 0.003853 0.026360 0.003979 0.003627 0.011419 0.000993 0.001021
10.904841 0.035075 0.021057 0.026002 0.003089 0.025997 0.003847 0.003669 0.011600 0.000988 0.001013
10.921536 0.037078 0.022844 0.024119 0.002320 0.025620 0.003711 0.003707 0.011769 0.000982 0.001005
10.938230 0.039079 0.024631 0.022231 0.001547 0.025229 0.003572 0.003742 0.011926 0.000975 0.000995
10.954925 0.041076 0.026416 0.020338 0.000770 0.024824 0.003430 0.003773 0.012072 0.000966 0.000984
10.971619 0.043070 0.028198 0.018440 0.000009 0.024405 0.003286 0.003800 0.012206 0.000957 0.000972
10.988314 0.045060 0.029979 0.016538 0.000792 0.023974 0.003138 0.003824 0.012328 0.000947 0.000959
11.005008 0.047045 0.031756 0.014633 0.001577 0.023530 0.002988 0.003844 0.012438 0.000935 0.000945
11.021703 0.049025 0.033530 0.012724 0.002364 0.023073 0.002835 0.003860 0.012537 0.000923 0.000929
11.038397 0.050998 0.035299 0.010814 0.003154 0.022604 0.002679 0.003872 0.012624 0.000909 0.000913
11.055092 0.052965 0.037064 0.008902 0.003944 0.022124 0.002522 0.003881 0.012699 0.000895 0.000896
11.071786 0.054925 0.038823 0.006989 0.004735 0.021632 0.002361 0.003886 0.012762 0.000880 0.000878
11.088481 0.056877 0.040577 0.005076 0.005527 0.021129 0.002199 0.003887 0.012813 0.000863 0.000858
11.105175 0.058821 0.042324 0.003163 0.006319 0.020615 0.002035 0.003884 0.012853 0.000846 0.000838
11.121870 0.060756 0.044063 0.001251 0.007111 0.020090 0.001869 0.003878 0.012881 0.000828 0.000817
11.138564 0.062682 0.045795 0.000659 0.007903 0.019556 0.001701 0.003869 0.012897 0.000808 0.000795
11.155259 0.064598 0.047519 0.002567 0.008694 0.019012 0.001531 0.003856 0.012902 0.000788 0.000772
11.171953 0.066503 0.049234 0.004472 0.009483 0.018458 0.001360 0.003839 0.012895 0.000768 0.000749
11.188648 0.068397 0.050940 0.006374 0.010271 0.017895 0.001188 0.003818 0.012876 0.000746 0.000724
11.205342 0.070280 0.052636 0.008272 0.011056 0.017324 0.001014 0.003795 0.012847 0.000724 0.000699
11.222037 0.072151 0.054322 0.010166 0.011839 0.016744 0.000839 0.003767 0.012805 0.000700 0.000673
11.238731 0.074009 0.055996 0.012054 0.012620 0.016157 0.000663 0.003737 0.012753 0.000676 0.000647
11.255426 0.075853 0.057659 0.013936 0.013397 0.015561 0.000486 0.003703 0.012690 0.000652 0.000619
11.272120 0.077684 0.059311 0.015812 0.014171 0.014959 0.000308 0.003666 0.012615 0.000626 0.000591
11.288815 0.079501 0.060949 0.017681 0.014941 0.014349 0.000130 0.003625 0.012530 0.000600 0.000563
11.305509 0.081303 0.062575 0.019542 0.015707 0.013733 0.000049 0.003582 0.012434 0.000574 0.000534
11.322204 0.083089 0.064186 0.021395 0.016468 0.013111 0.000228 0.003535 0.012328 0.000547 0.000504
11.338898 0.084860 0.065784 0.023240 0.017224 0.012483 0.000407 0.003485 0.012211 0.000519 0.000474
11.355593 0.086614 0.067367 0.025075 0.017975 0.011850 0.000587 0.003432 0.012084 0.000491 0.000443
11.372287 0.088352 0.068935 0.026901 0.018720 0.011211 0.000766 0.003376 0.011946 0.000462 0.000412
11.388982 0.090072 0.070487 0.028716 0.019459 0.010568 0.000946 0.003317 0.011799 0.000433 0.000380
11.405676 0.091774 0.072023 0.030520 0.020192 0.009921 0.001125 0.003256 0.011642 0.000403 0.000348
11.422371 0.093457 0.073543 0.032312 0.020918 0.009269 0.001303 0.003191 0.011475 0.000373 0.000316
11.439065 0.095122 0.075045 0.034093 0.021637 0.008614 0.001482 0.003124 0.011299 0.000343 0.000283
11.455760 0.096768 0.076530 0.035861 0.022348 0.007956 0.001659 0.003055 0.011114 0.000312 0.000250
11.472454 0.098393 0.077996 0.037615 0.023052 0.007295 0.001836 0.002983 0.010920 0.000281 0.000217
11.489149 0.099999 0.079444 0.039356 0.023748 0.006631 0.002012 0.002908 0.010717 0.000250 0.000184
11.505843 0.101583 0.080873 0.041083 0.024435 0.005966 0.002187 0.002831 0.010505 0.000218 0.000150
11.522538 0.103146 0.082282 0.042796 0.025114 0.005298 0.002360 0.002752 0.010285 0.000187 0.000117
11.539232 0.104688 0.083672 0.044493 0.025783 0.004629 0.002533 0.002670 0.010057 0.000155 0.000083
11.555927 0.106207 0.085041 0.046174 0.026443 0.003959 0.002704 0.002586 0.009821 0.000123 0.000049
11.572621 0.107704 0.086389 0.047839 0.027093 0.003289 0.002873 0.002500 0.009577 0.000091 0.000015
11.589316 0.109178 0.087715 0.049487 0.027734 0.002618 0.003041 0.002413 0.009326 0.000059 0.000018
11.606010 0.110628 0.089020 0.051119 0.028364 0.001947 0.003207 0.002323 0.009068 0.000027 0.000052
11.622705 0.112054 0.090303 0.052732 0.028983 0.001276 0.003371 0.002232 0.008802 0.000006 0.000086
11.639399 0.113456 0.091563 0.054327 0.029591 0.000607 0.003533 0.002138 0.008530 0.000038 0.000119
11.656093 0.114833 0.092800 0.055904 0.030188 0.000062 0.003693 0.002044 0.008252 0.000070 0.000153
11.672788 0.116185 0.094014 0.057462 0.030774 0.000729 0.003851 0.001947 0.007967 0.000102 0.000186
11.689482 0.117512 0.095204 0.059000 0.031348 0.001395 0.004007 0.001849 0.007676 0.000133 0.000219
11.706177 0.118812 0.096370 0.060518 0.031910 0.002058 0.004160 0.001750 0.007380 0.000165 0.000252
11.722871 0.120087 0.097511 0.062016 0.032459 0.002719 0.004310 0.001650 0.007078 0.000197 0.000284
11.739566 0.121334 0.098627 0.063493 0.032996 0.003377 0.004458 0.001548 0.006771 0.000228 0.000317
11.756260 0.122555 0.099718 0.064949 0.033520 0.004031 0.004603 0.001445 0.006459 0.000259 0.000349
11.772955 0.123748 0.100783 0.066382 0.034031 0.004683 0.004745 0.001341 0.006143 0.000289 0.000380
11.789649 0.124913 0.101822 0.067794 0.034528 0.005330 0.004884 0.001237 0.005822 0.000320 0.000411
11.806344 0.126050 0.102834 0.069184 0.035012 0.005973 0.005020 0.001131 0.005497 0.000350 0.000442
11.823038 0.127159 0.103820 0.070550 0.035482 0.006612 0.005153 0.001025 0.005168 0.000379 0.000472
11.839733 0.128239 0.104779 0.071893 0.035938 0.007247 0.005282 0.000918 0.004836 0.000408 0.000501
11.856427 0.129289 0.105710 0.073213 0.036379 0.007876 0.005408 0.000810 0.004501 0.000437 0.000531
11.873122 0.130311 0.106614 0.074508 0.036806 0.008499 0.005531 0.000702 0.004162 0.000465 0.000559
11.889816 0.131302 0.107490 0.075780 0.037218 0.009117 0.005650 0.000594 0.003821 0.000493 0.000587
11.906511 0.132264 0.108337 0.077026 0.037615 0.009729 0.005766 0.000486 0.003478 0.000520 0.000614
11.923205 0.133195 0.109156 0.078247 0.037997 0.010335 0.005877 0.000377 0.003132 0.000547 0.000641
11.939900 0.134095 0.109946 0.079443 0.038363 0.010934 0.005985 0.000268 0.002785 0.000573 0.000667
11.956594 0.134965 0.110706 0.080614 0.038714 0.011526 0.006089 0.000159 0.002436 0.000598 0.000693
11.973289 0.135803 0.111438 0.081758 0.039049 0.012111 0.006189 0.000051 0.002086 0.000623 0.000717
11.989983 0.136610 0.112139 0.082876 0.039368 0.012688 0.006285 0.000058 0.001735 0.000647 0.000741
12.006678 0.137386 0.112811 0.083967 0.039671 0.013258 0.006377 0.000166 0.001383 0.000671 0.000764
12.023372 0.138129 0.113452 0.085031 0.039958 0.013820 0.006465 0.000274 0.001031 0.000694 0.000786
12.040067 0.138841 0.114063 0.086068 0.040228 0.014374 0.006548 0.000381 0.000679 0.000716 0.000808
12.056761 0.139520 0.114644 0.087077 0.040482 0.014919 0.006628 0.000488 0.000327 0.000737 0.000829
12.073456 0.140166 0.115193 0.088059 0.040719 0.015455 0.006702 0.000594 0.000025 0.000757 0.000848
12.090150 0.140780 0.115712 0.089012 0.040939 0.015982 0.006773 0.000700 0.000376 0.000777 0.000867
12.106845 0.141361 0.116199 0.089938 0.041142 0.016500 0.006839 0.000804 0.000726 0.000796 0.000885
12.123539 0.141908 0.116655 0.090834 0.041328 0.017009 0.006900 0.000908 0.001075 0.000814 0.000903
12.140234 0.142423 0.117080 0.091702 0.041497 0.017507 0.006957 0.001011 0.001422 0.000832 0.000919
12.156928 0.142903 0.117472 0.092541 0.041648 0.017996 0.007009 0.001113 0.001768 0.000848 0.000934
12.173623 0.143350 0.117833 0.093351 0.041782 0.018475 0.007056 0.001213 0.002111 0.000864 0.000949
12.190317 0.143764 0.118162 0.094132 0.041898 0.018943 0.007099 0.001313 0.002452 0.000878 0.000962
12.207012 0.144143 0.118458 0.094883 0.041996 0.019401 0.007137 0.001411 0.002791 0.000892 0.000974
12.223706 0.144489 0.118722 0.095604 0.042077 0.019848 0.007170 0.001508 0.003126 0.000905 0.000986
12.240401 0.144800 0.118954 0.096295 0.042140 0.020284 0.007198 0.001603 0.003459 0.000917 0.000996
12.257095 0.145077 0.119153 0.096956 0.042185 0.020708 0.007222 0.001697 0.003788 0.000928 0.001006
12.273790 0.145320 0.119320 0.097587 0.042213 0.021122 0.007240 0.001789 0.004114 0.000938 0.001014
12.290484 0.145528 0.119453 0.098188 0.042222 0.021523 0.007254 0.001880 0.004436 0.000947 0.001021
12.307179 0.145701 0.119554 0.098758 0.042213 0.021913 0.007263 0.001969 0.004754 0.000955 0.001028
12.323873 0.145840 0.119622 0.099297 0.042186 0.022291 0.007267 0.002056 0.005067 0.000962 0.001033
12.340568 0.145945 0.119658 0.099806 0.042141 0.022657 0.007265 0.002141 0.005376 0.000969 0.001037
12.357262 0.146014 0.119660 0.100283 0.042078 0.023011 0.007259 0.002224 0.005680 0.000974 0.001040
12.373957 0.146049 0.119629 0.100730 0.041997 0.023353 0.007248 0.002305 0.005979 0.000978 0.001042
12.390651 0.146049 0.119565 0.101146 0.041897 0.023682 0.007233 0.002385 0.006273 0.000981 0.001043
12.407346 0.146014 0.119468 0.101530 0.041780 0.023998 0.007212 0.002462 0.006562 0.000984 0.001043
12.424040 0.145945 0.119338 0.101884 0.041644 0.024302 0.007186 0.002537 0.006845 0.000985 0.001042
12.440735 0.145840 0.119174 0.102206 0.041491 0.024592 0.007155 0.002610 0.007122 0.000985 0.001040
12.457429 0.145701 0.118978 0.102497 0.041319 0.024870 0.007119 0.002680 0.007393 0.000984 0.001037
12.474124 0.145527 0.118748 0.102756 0.041129 0.025134 0.007079 0.002748 0.007658 0.000983 0.001033
12.490818 0.145318 0.118486 0.102984 0.040921 0.025386 0.007033 0.002814 0.007916 0.000980 0.001028
12.507513 0.145074 0.118190 0.103181 0.040696 0.025624 0.006983 0.002877 0.008168 0.000976 0.001021
12.524207 0.144796 0.117862 0.103347 0.040452 0.025849 0.006927 0.002938 0.008413 0.000971 0.001014
12.540902 0.144483 0.117500 0.103481 0.040191 0.026060 0.006867 0.002997 0.008651 0.000966 0.001006
12.557596 0.144135 0.117106 0.103583 0.039911 0.026257 0.006802 0.003052 0.008882 0.000959 0.000997
12.574290 0.143753 0.116679 0.103655 0.039614 0.026441 0.006732 0.003106 0.009105 0.000952 0.000986
12.590985 0.143336 0.116219 0.103695 0.039300 0.026612 0.006658 0.003156 0.009321 0.000943 0.000975
12.607679 0.142886 0.115727 0.103703 0.038968 0.026768 0.006579 0.003204 0.009530 0.000933 0.000963
12.624374 0.142400 0.115202 0.103681 0.038618 0.026911 0.006495 0.003249 0.009731 0.000923 0.000949
12.641068 0.141881 0.114645 0.103627 0.038251 0.027040 0.006407 0.003292 0.009923 0.000912 0.000935
12.657763 0.141328 0.114055 0.103542 0.037867 0.027155 0.006314 0.003332 0.010108 0.000899 0.000920
12.674457 0.140741 0.113434 0.103426 0.037466 0.027256 0.006216 0.003369 0.010285 0.000886 0.000904
12.691152 0.140120 0.112780 0.103280 0.037048 0.027344 0.006114 0.003403 0.010453 0.000872 0.000887
12.707846 0.139466 0.112094 0.103102 0.036614 0.027417 0.006008 0.003434 0.010613 0.000857 0.000869
12.724541 0.138778 0.111377 0.102894 0.036162 0.027477 0.005897 0.003463 0.010765 0.000841 0.000850
12.741235 0.138057 0.110629 0.102655 0.035694 0.027522 0.005782 0.003488 0.010907 0.000824 0.000830
12.757930 0.137303 0.109849 0.102385 0.035210 0.027554 0.005663 0.003511 0.011042 0.000807 0.000810
12.774624 0.136516 0.109038 0.102085 0.034709 0.027571 0.005540 0.003531 0.011167 0.000789 0.000788
12.791319 0.135697 0.108195 0.101755 0.034193 0.027575 0.005413 0.003548 0.011284 0.000769 0.000766
12.808013 0.134844 0.107323 0.101395 0.033661 0.027565 0.005282 0.003562 0.011391 0.000750 0.000743
12.824708 0.133960 0.106419 0.101005 0.033113 0.027541 0.005146 0.003573 0.011490 0.000729 0.000719
12.841402 0.133044 0.105486 0.100586 0.032549 0.027504 0.005007 0.003581 0.011579 0.000708 0.000695
12.858097 0.132096 0.104522 0.100136 0.031971 0.027452 0.004865 0.003586 0.011659 0.000685 0.000670
12.874791 0.131116 0.103528 0.099658 0.031377 0.027387 0.004718 0.003589 0.011730 0.000663 0.000644
12.891486 0.130105 0.102505 0.099150 0.030769 0.027308 0.004568 0.003588 0.011792 0.000639 0.000617
12.908180 0.129063 0.101453 0.098613 0.030145 0.027216 0.004415 0.003585 0.011845 0.000615 0.000590
12.924875 0.127990 0.100371 0.098047 0.029508 0.027110 0.004258 0.003578 0.011888 0.000590 0.000562
12.941569 0.126887 0.099261 0.097453 0.028856 0.026990 0.004098 0.003569 0.011922 0.000565 0.000534
12.958264 0.125753 0.098122 0.096831 0.028191 0.026857 0.003935 0.003557 0.011947 0.000539 0.000505
12.974958 0.124590 0.096956 0.096181 0.027512 0.026711 0.003768 0.003542 0.011962 0.000512 0.000476
12.991653 0.123397 0.095761 0.095503 0.026819 0.026552 0.003599 0.003524 0.011968 0.000485 0.000446
13.008347 0.122174 0.094538 0.094797 0.026113 0.026380 0.003426 0.003503 0.011964 0.000458 0.000415
13.025042 0.120923 0.093289 0.094064 0.025395 0.026195 0.003251 0.003480 0.011952 0.000430 0.000385
13.041736 0.119643 0.092012 0.093304 0.024663 0.025997 0.003074 0.003453 0.011930 0.000401 0.000353
13.058431 0.118335 0.090709 0.092517 0.023920 0.025786 0.002894 0.003424 0.011898 0.000373 0.000322
13.075125 0.116998 0.089380 0.091704 0.023164 0.025562 0.002711 0.003392 0.011857 0.000343 0.000290
13.091820 0.115634 0.088024 0.090864 0.022397 0.025327 0.002526 0.003358 0.011808 0.000314 0.000257
13.108514 0.114243 0.086644 0.089999 0.021618 0.025078 0.002339 0.003321 0.011748 0.000284 0.000225
13.125209 0.112825 0.085238 0.089108 0.020828 0.024818 0.002149 0.003281 0.011680 0.000254 0.000192
13.141903 0.111380 0.083807 0.088192 0.020027 0.024546 0.001958 0.003238 0.011603 0.000223 0.000159
13.158598 0.109910 0.082351 0.087252 0.019215 0.024261 0.001765 0.003193 0.011517 0.000193 0.000126
13.175292 0.108413 0.080872 0.086286 0.018394 0.023965 0.001570 0.003146 0.011421 0.000162 0.000092
13.191987 0.106891 0.079369 0.085297 0.017562 0.023658 0.001374 0.003095 0.011317 0.000130 0.000059
13.208681 0.105344 0.077843 0.084283 0.016721 0.023338 0.001176 0.003043 0.011204 0.000099 0.000025
13.225376 0.103773 0.076294 0.083246 0.015870 0.023008 0.000977 0.002988 0.011083 0.000068 0.000008
13.242070 0.102177 0.074723 0.082186 0.015011 0.022667 0.000776 0.002931 0.010953 0.000036 0.000042
13.258765 0.100558 0.073129 0.081103 0.014143 0.022315 0.000575 0.002871 0.010814 0.000005 0.000076
13.275459 0.098915 0.071514 0.079998 0.013266 0.021952 0.000373 0.002809 0.010667 0.000027 0.000109
13.292154 0.097249 0.069878 0.078871 0.012382 0.021579 0.000169 0.002745 0.010512 0.000058 0.000143
13.308848 0.095561 0.068221 0.077722 0.011490 0.021195 0.000035 0.002679 0.010348 0.000090 0.000176
13.325543 0.093852 0.066544 0.076551 0.010591 0.020801 0.000239 0.002610 0.010177 0.000121 0.000210
13.342237 0.092120 0.064847 0.075360 0.009686 0.020398 0.000444 0.002540 0.009997 0.000152 0.000243
13.358932 0.090368 0.063131 0.074149 0.008773 0.019985 0.000649 0.002468 0.009810 0.000183 0.000276
13.375626 0.088595 0.061396 0.072918 0.007855 0.019562 0.000854 0.002393 0.009615 0.000214 0.000308
13.392321 0.086801 0.059643 0.071667 0.006931 0.019130 0.001059 0.002317 0.009413 0.000245 0.000341
13.409015 0.084989 0.057872 0.070396 0.006001 0.018689 0.001264 0.002239 0.009203 0.000276 0.000373
13.425710 0.083157 0.056083 0.069107 0.005067 0.018240 0.001469 0.002159 0.008987 0.000306 0.000405
13.442404 0.081306 0.054277 0.067800 0.004128 0.017782 0.001673 0.002078 0.008763 0.000336 0.000436
13.459098 0.079437 0.052455 0.066475 0.003185 0.017316 0.001877 0.001995 0.008532 0.000366 0.000467
13.475793 0.077551 0.050617 0.065132 0.002238 0.016841 0.002080 0.001910 0.008295 0.000395 0.000497
13.492487 0.075647 0.048763 0.063773 0.001287 0.016359 0.002283 0.001824 0.008051 0.000424 0.000527
13.509182 0.073727 0.046895 0.062397 0.000334 0.015869 0.002484 0.001737 0.007802 0.000452 0.000557
13.525876 0.071790 0.045012 0.061004 0.000623 0.015372 0.002684 0.001648 0.007546 0.000480 0.000586
13.542571 0.069838 0.043115 0.059597 0.001581 0.014868 0.002883 0.001558 0.007284 0.000508 0.000614
13.559265 0.067871 0.041205 0.058174 0.002541 0.014357 0.003080 0.001467 0.007016 0.000535 0.000642
13.575960 0.065889 0.039282 0.056736 0.003503 0.013840 0.003276 0.001374 0.006743 0.000562 0.000669
13.592654 0.063894 0.037347 0.055285 0.004466 0.013316 0.003470 0.001281 0.006465 0.000588 0.000696
13.609349 0.061884 0.035400 0.053819 0.005429 0.012787 0.003663 0.001187 0.006181 0.000613 0.000721
13.626043 0.059862 0.033442 0.052340 0.006393 0.012251 0.003853 0.001091 0.005893 0.000638 0.000747
13.642738 0.057827 0.031473 0.050849 0.007356 0.011711 0.004041 0.000995 0.005600 0.000662 0.000771
13.659432 0.055781 0.029493 0.049345 0.008319 0.011165 0.004227 0.000898 0.005303 0.000686 0.000795
13.676127 0.053723 0.027505 0.047830 0.009281 0.010614 0.004411 0.000801 0.005001 0.000708 0.000817
13.692821 0.051654 0.025507 0.046303 0.010241 0.010058 0.004592 0.000703 0.004696 0.000730 0.000839
13.709516 0.049575 0.023500 0.044766 0.011200 0.009499 0.004771 0.000604 0.004387 0.000752 0.000861
13.726210 0.047486 0.021486 0.043218 0.012156 0.008935 0.004947 0.000505 0.004074 0.000772 0.000881
13.742905 0.045388 0.019464 0.041661 0.013110 0.008367 0.005120 0.000406 0.003758 0.000792 0.000900
13.759599 0.043282 0.017436 0.040094 0.014061 0.007796 0.005289 0.000307 0.003439 0.000811 0.000919
13.776294 0.041167 0.015401 0.038519 0.015008 0.007222 0.005456 0.000207 0.003117 0.000829 0.000936
13.792988 0.039046 0.013360 0.036936 0.015951 0.006645 0.005620 0.000107 0.002793 0.000847 0.000953
13.809683 0.036917 0.011315 0.035344 0.016890 0.006065 0.005780 0.000007 0.002467 0.000863 0.000969
13.826377 0.034782 0.009264 0.033746 0.017824 0.005483 0.005936 0.000093 0.002138 0.000879 0.000983
13.843072 0.032641 0.007210 0.032141 0.018753 0.004899 0.006089 0.000192 0.001808 0.000893 0.000997
13.859766 0.030495 0.005153 0.030530 0.019676 0.004313 0.006238 0.000292 0.001476 0.000907 0.001009
13.876461 0.028345 0.003092 0.028913 0.020594 0.003726 0.006383 0.000391 0.001143 0.000920 0.001021
13.893155 0.026191 0.001029 0.027291 0.021504 0.003137 0.006524 0.000489 0.000809 0.000931 0.001032
13.909850 0.024033 0.001035 0.025665 0.022409 0.002548 0.006661 0.000588 0.000474 0.000942 0.001041
13.926544 0.021872 0.003101 0.024034 0.023306 0.001959 0.006794 0.000685 0.000139 0.000952 0.001049
13.943239 0.019709 0.005167 0.022400 0.024195 0.001369 0.006923 0.000782 0.000196 0.000961 0.001057
13.959933 0.017545 0.007232 0.020763 0.025076 0.000779 0.007047 0.000879 0.000532 0.000969 0.001063
13.976628 0.015379 0.009298 0.019124 0.025949 0.000189 0.007166 0.000974 0.000867 0.000976 0.001068
13.993322 0.013213 0.011362 0.017482 0.026813 0.000400 0.007281 0.001069 0.001201 0.000981 0.001072
14.010017 0.011047 0.013424 0.015839 0.027668 0.000988 0.007391 0.001163 0.001535 0.000986 0.001075
14.026711 0.008882 0.015484 0.014196 0.028513 0.001574 0.007496 0.001255 0.001867 0.000990 0.001076
14.043406 0.006718 0.017541 0.012552 0.029348 0.002159 0.007596 0.001347 0.002198 0.000992 0.001077
14.060100 0.004555 0.019594 0.010908 0.030172 0.002743 0.007691 0.001437 0.002528 0.000994 0.001076
14.076795 0.002395 0.021644 0.009265 0.030986 0.003324 0.007781 0.001527 0.002855 0.000995 0.001074
14.093489 0.000238 0.023688 0.007623 0.031788 0.003902 0.007866 0.001614 0.003181 0.000994 0.001071
14.110184 0.001915 0.025727 0.005983 0.032579 0.004478 0.007945 0.001701 0.003504 0.000992 0.001067
14.126878 0.004064 0.027761 0.004345 0.033358 0.005051 0.008020 0.001786 0.003824 0.000990 0.001062
14.143573 0.006209 0.029788 0.002710 0.034124 0.005621 0.008088 0.001869 0.004141 0.000986 0.001056
14.160267 0.008348 0.031808 0.001078 0.034878 0.006187 0.008151 0.001951 0.004455 0.000981 0.001048
14.176962 0.010481 0.033820 0.000550 0.035618 0.006749 0.008209 0.002031 0.004766 0.000975 0.001039
14.193656 0.012608 0.035824 0.002173 0.036345 0.007307 0.008261 0.002110 0.005073 0.000968 0.001030
14.210351 0.014728 0.037820 0.003792 0.037058 0.007860 0.008307 0.002186 0.005376 0.000960 0.001019
14.227045 0.016841 0.039806 0.005405 0.037757 0.008409 0.008347 0.002261 0.005675 0.000951 0.001006
14.243740 0.018945 0.041782 0.007013 0.038441 0.008953 0.008382 0.002334 0.005969 0.000941 0.000993
14.260434 0.021040 0.043748 0.008614 0.039111 0.009491 0.008410 0.002405 0.006258 0.000929 0.000979
14.277129 0.023127 0.045703 0.010208 0.039765 0.010024 0.008433 0.002473 0.006543 0.000917 0.000963
14.293823 0.025203 0.047646 0.011794 0.040403 0.010551 0.008449 0.002540 0.006822 0.000904 0.000947
14.310518 0.027269 0.049577 0.013373 0.041025 0.011072 0.008460 0.002604 0.007096 0.000890 0.000929
14.327212 0.029324 0.051495 0.014943 0.041631 0.011586 0.008464 0.002666 0.007364 0.000874 0.000911
14.343907 0.031368 0.053401 0.016505 0.042220 0.012094 0.008463 0.002726 0.007626 0.000858 0.000891
14.360601 0.033399 0.055292 0.018057 0.042793 0.012595 0.008455 0.002784 0.007882 0.000841 0.000870
14.377295 0.035418 0.057169 0.019599 0.043348 0.013089 0.008441 0.002839 0.008132 0.000822 0.000849
14.393990 0.037424 0.059032 0.021130 0.043885 0.013575 0.008421 0.002892 0.008375 0.000803 0.000826
14.410684 0.039416 0.060879 0.022651 0.044405 0.014053 0.008395 0.002942 0.008612 0.000783 0.000802
14.427379 0.041394 0.062710 0.024160 0.044906 0.014524 0.008362 0.002989 0.008841 0.000762 0.000778
14.444073 0.043358 0.064524 0.025658 0.045389 0.014986 0.008324 0.003034 0.009063 0.000740 0.000752
14.460768 0.045306 0.066322 0.027143 0.045853 0.015440 0.008279 0.003077 0.009278 0.000717 0.000726
14.477462 0.047238 0.068102 0.028615 0.046297 0.015886 0.008228 0.003116 0.009485 0.000694 0.000698
14.494157 0.049154 0.069864 0.030074 0.046723 0.016322 0.008170 0.003153 0.009684 0.000669 0.000670
14.510851 0.051053 0.071608 0.031520 0.047129 0.016750 0.008107 0.003188 0.009875 0.000644 0.000641
14.527546 0.052935 0.073332 0.032951 0.047515 0.017167 0.008037 0.003219 0.010058 0.000618 0.000611
14.544240 0.054799 0.075037 0.034368 0.047880 0.017576 0.007961 0.003248 0.010233 0.000591 0.000581
14.560935 0.056645 0.076722 0.035770 0.048226 0.017974 0.007879 0.003274 0.010399 0.000564 0.000550
14.577629 0.058472 0.078387 0.037156 0.048550 0.018363 0.007790 0.003296 0.010556 0.000536 0.000518
14.594324 0.060280 0.080030 0.038526 0.048854 0.018741 0.007696 0.003317 0.010704 0.000507 0.000485
14.611018 0.062068 0.081652 0.039880 0.049137 0.019109 0.007596 0.003334 0.010844 0.000477 0.000452
14.627713 0.063836 0.083252 0.041218 0.049398 0.019467 0.007489 0.003348 0.010974 0.000447 0.000418
14.644407 0.065583 0.084830 0.042538 0.049638 0.019813 0.007377 0.003359 0.011095 0.000416 0.000384
14.661102 0.067308 0.086384 0.043840 0.049856 0.020149 0.007258 0.003367 0.011207 0.000385 0.000349
14.677796 0.069013 0.087916 0.045125 0.050052 0.020473 0.007134 0.003373 0.011309 0.000353 0.000313
14.694491 0.070695 0.089423 0.046391 0.050226 0.020786 0.007004 0.003375 0.011401 0.000321 0.000278
14.711185 0.072354 0.090906 0.047638 0.050378 0.021087 0.006868 0.003374 0.011483 0.000289 0.000241
14.727880 0.073991 0.092365 0.048866 0.050507 0.021377 0.006727 0.003371 0.011556 0.000255 0.000205
14.744574 0.075604 0.093798 0.050075 0.050613 0.021655 0.006579 0.003364 0.011618 0.000222 0.000168
14.761269 0.077194 0.095206 0.051263 0.050697 0.021920 0.006427 0.003354 0.011670 0.000188 0.000130
14.777963 0.078759 0.096588 0.052432 0.050758 0.022174 0.006269 0.003341 0.011713 0.000154 0.000093
14.794658 0.080299 0.097943 0.053579 0.050795 0.022415 0.006105 0.003326 0.011744 0.000120 0.000055
14.811352 0.081815 0.099272 0.054706 0.050810 0.022644 0.005936 0.003307 0.011766 0.000085 0.000017
14.828047 0.083305 0.100573 0.055811 0.050801 0.022860 0.005762 0.003285 0.011777 0.000051 0.000021
14.844741 0.084769 0.101847 0.056895 0.050769 0.023063 0.005583 0.003260 0.011778 0.000016 0.000059
14.861436 0.086206 0.103093 0.057957 0.050713 0.023254 0.005399 0.003233 0.011768 0.000019 0.000097
14.878130 0.087618 0.104310 0.058996 0.050633 0.023432 0.005210 0.003202 0.011747 0.000054 0.000135
14.894825 0.089002 0.105499 0.060013 0.050530 0.023596 0.005016 0.003168 0.011716 0.000089 0.000173
14.911519 0.090359 0.106659 0.061006 0.050403 0.023747 0.004818 0.003132 0.011675 0.000124 0.000211
14.928214 0.091688 0.107789 0.061977 0.050252 0.023885 0.004615 0.003093 0.011623 0.000159 0.000249
14.944908 0.092989 0.108889 0.062923 0.050078 0.024010 0.004408 0.003050 0.011560 0.000194 0.000287
14.961603 0.094261 0.109960 0.063846 0.049879 0.024121 0.004196 0.003005 0.011486 0.000229 0.000324
14.978297 0.095505 0.110999 0.064745 0.049656 0.024219 0.003981 0.002957 0.011402 0.000263 0.000362
14.994992 0.096720 0.112008 0.065620 0.049410 0.024303 0.003761 0.002907 0.011308 0.000298 0.000398
15.011686 0.097905 0.112986 0.066469 0.049139 0.024373 0.003538 0.002854 0.011203 0.000332 0.000435
15.028381 0.099061 0.113933 0.067294 0.048845 0.024430 0.003310 0.002798 0.011087 0.000365 0.000471
15.045075 0.100186 0.114847 0.068094 0.048526 0.024473 0.003080 0.002739 0.010961 0.000399 0.000506
15.061770 0.101282 0.115730 0.068868 0.048184 0.024502 0.002846 0.002678 0.010825 0.000432 0.000541
15.078464 0.102347 0.116581 0.069617 0.047817 0.024517 0.002608 0.002614 0.010678 0.000464 0.000576
15.095159 0.103381 0.117398 0.070339 0.047427 0.024518 0.002368 0.002548 0.010521 0.000496 0.000610
15.111853 0.104384 0.118183 0.071036 0.047012 0.024506 0.002125 0.002479 0.010354 0.000527 0.000643
15.128548 0.105355 0.118935 0.071707 0.046574 0.024479 0.001879 0.002408 0.010177 0.000558 0.000676
15.145242 0.106295 0.119654 0.072350 0.046113 0.024439 0.001630 0.002334 0.009990 0.000589 0.000707
15.161937 0.107203 0.120339 0.072968 0.045627 0.024384 0.001379 0.002258 0.009793 0.000618 0.000739
15.178631 0.108079 0.120990 0.073558 0.045118 0.024316 0.001126 0.002181 0.009586 0.000647 0.000769
15.195326 0.108923 0.121607 0.074122 0.044586 0.024234 0.000871 0.002100 0.009370 0.000675 0.000798
15.212020 0.109734 0.122190 0.074658 0.044030 0.024137 0.000614 0.002018 0.009144 0.000703 0.000827
15.228715 0.110512 0.122738 0.075167 0.043452 0.024027 0.000356 0.001934 0.008909 0.000729 0.000854
15.245409 0.111258 0.123252 0.075649 0.042850 0.023903 0.000096 0.001848 0.008665 0.000755 0.000881
15.262104 0.111970 0.123731 0.076103 0.042225 0.023766 0.000165 0.001760 0.008412 0.000780 0.000906
15.278798 0.112649 0.124175 0.076529 0.041577 0.023614 0.000427 0.001670 0.008150 0.000804 0.000930
15.295492 0.113295 0.124583 0.076927 0.040907 0.023449 0.000690 0.001579 0.007880 0.000826 0.000954
15.312187 0.113907 0.124957 0.077298 0.040215 0.023270 0.000954 0.001485 0.007602 0.000848 0.000976
15.328881 0.114485 0.125295 0.077640 0.039500 0.023078 0.001217 0.001391 0.007315 0.000869 0.000997
15.345576 0.115029 0.125597 0.077955 0.038764 0.022872 0.001482 0.001295 0.007020 0.000889 0.001016
15.362270 0.115540 0.125863 0.078241 0.038006 0.022653 0.001745 0.001197 0.006718 0.000908 0.001035
15.378965 0.116016 0.126094 0.078499 0.037226 0.022420 0.002009 0.001098 0.006408 0.000925 0.001052
15.395659 0.116458 0.126289 0.078729 0.036425 0.022174 0.002272 0.000998 0.006090 0.000942 0.001068
15.412354 0.116865 0.126447 0.078930 0.035603 0.021916 0.002535 0.000897 0.005766 0.000957 0.001082
15.429048 0.117238 0.126570 0.079103 0.034760 0.021644 0.002796 0.000795 0.005436 0.000971 0.001095
15.445743 0.117577 0.126656 0.079248 0.033897 0.021359 0.003057 0.000692 0.005098 0.000983 0.001107
15.462437 0.117881 0.126706 0.079364 0.033013 0.021062 0.003316 0.000588 0.004755 0.000995 0.001117
15.479132 0.118150 0.126719 0.079452 0.032110 0.020752 0.003573 0.000483 0.004406 0.001005 0.001126
15.495826 0.118385 0.126696 0.079511 0.031187 0.020429 0.003828 0.000378 0.004051 0.001013 0.001133
15.512521 0.118585 0.126636 0.079542 0.030245 0.020094 0.004081 0.000272 0.003691 0.001021 0.001139
15.529215 0.118750 0.126540 0.079544 0.029284 0.019748 0.004332 0.000165 0.003326 0.001027 0.001143
15.545910 0.118880 0.126408 0.079518 0.028304 0.019389 0.004581 0.000059 0.002956 0.001031 0.001146
15.562604 0.118976 0.126239 0.079464 0.027306 0.019018 0.004826 0.000048 0.002582 0.001035 0.001147
15.579299 0.119036 0.126033 0.079382 0.026291 0.018636 0.005069 0.000155 0.002205 0.001036 0.001147
15.595993 0.119062 0.125791 0.079271 0.025257 0.018242 0.005308 0.000262 0.001823 0.001037 0.001145
15.612688 0.119053 0.125512 0.079132 0.024207 0.017838 0.005544 0.000369 0.001439 0.001035 0.001141
15.629382 0.119009 0.125196 0.078965 0.023141 0.017422 0.005776 0.000475 0.001051 0.001033 0.001136
15.646077 0.118930 0.124844 0.078770 0.022058 0.016995 0.006003 0.000582 0.000661 0.001029 0.001129
15.662771 0.118817 0.124456 0.078547 0.020959 0.016558 0.006227 0.000688 0.000269 0.001023 0.001120
15.679466 0.118669 0.124031 0.078297 0.019845 0.016110 0.006446 0.000793 0.000125 0.001016 0.001110
15.696160 0.118486 0.123570 0.078018 0.018716 0.015652 0.006661 0.000898 0.000520 0.001007 0.001098
15.712855 0.118269 0.123073 0.077712 0.017572 0.015185 0.006870 0.001002 0.000916 0.000997 0.001085
15.729549 0.118018 0.122540 0.077379 0.016415 0.014708 0.007074 0.001105 0.001313 0.000986 0.001070
15.746244 0.117732 0.121970 0.077019 0.015244 0.014221 0.007273 0.001207 0.001710 0.000973 0.001053
15.762938 0.117412 0.121365 0.076631 0.014061 0.013725 0.007466 0.001308 0.002106 0.000958 0.001035
15.779633 0.117057 0.120723 0.076217 0.012865 0.013220 0.007653 0.001408 0.002502 0.000942 0.001015
15.796327 0.116669 0.120046 0.075775 0.011656 0.012707 0.007834 0.001506 0.002897 0.000924 0.000993
15.813022 0.116247 0.119333 0.075307 0.010437 0.012186 0.008009 0.001603 0.003290 0.000905 0.000970
15.829716 0.115791 0.118585 0.074813 0.009207 0.011656 0.008177 0.001699 0.003681 0.000885 0.000946
15.846411 0.115301 0.117802 0.074293 0.007966 0.011119 0.008338 0.001793 0.004070 0.000863 0.000919
15.863105 0.114778 0.116983 0.073746 0.006716 0.010574 0.008492 0.001885 0.004455 0.000840 0.000892
15.879800 0.114222 0.116129 0.073174 0.005457 0.010022 0.008639 0.001975 0.004838 0.000815 0.000862
15.896494 0.113633 0.115241 0.072576 0.004189 0.009463 0.008779 0.002063 0.005217 0.000789 0.000832
15.913189 0.113010 0.114318 0.071953 0.002913 0.008898 0.008910 0.002149 0.005591 0.000762 0.000799
15.929883 0.112356 0.113360 0.071305 0.001630 0.008327 0.009034 0.002233 0.005961 0.000733 0.000766
15.946578 0.111668 0.112368 0.070633 0.000341 0.007750 0.009150 0.002315 0.006326 0.000703 0.000731
15.963272 0.110948 0.111342 0.069935 0.000955 0.007167 0.009257 0.002394 0.006685 0.000672 0.000695
15.979967 0.110196 0.110283 0.069214 0.002256 0.006579 0.009356 0.002471 0.007038 0.000639 0.000657
15.996661 0.109413 0.109190 0.068469 0.003562 0.005987 0.009446 0.002544 0.007385 0.000606 0.000618
16.013356 0.108598 0.108063 0.067700 0.004872 0.005389 0.009527 0.002616 0.007725 0.000571 0.000578
16.030050 0.107751 0.106904 0.066907 0.006185 0.004788 0.009599 0.002684 0.008057 0.000535 0.000537
16.046745 0.106873 0.105711 0.066092 0.007501 0.004183 0.009662 0.002749 0.008381 0.000498 0.000495
16.063439 0.105965 0.104486 0.065254 0.008819 0.003575 0.009716 0.002812 0.008697 0.000460 0.000452
16.080134 0.105026 0.103229 0.064393 0.010138 0.002963 0.009760 0.002871 0.009004 0.000421 0.000407
16.096828 0.104056 0.101940 0.063511 0.011457 0.002350 0.009794 0.002927 0.009302 0.000381 0.000362
16.113523 0.103057 0.100619 0.062607 0.012777 0.001733 0.009818 0.002980 0.009590 0.000340 0.000316
16.130217 0.102028 0.099266 0.061681 0.014095 0.001115 0.009832 0.003029 0.009868 0.000299 0.000269
16.146912 0.100970 0.097883 0.060734 0.015412 0.000496 0.009836 0.003075 0.010136 0.000256 0.000221
16.163606 0.099882 0.096469 0.059767 0.016726 0.000125 0.009830 0.003117 0.010392 0.000213 0.000173
16.180301 0.098766 0.095024 0.058780 0.018037 0.000746 0.009813 0.003155 0.010637 0.000170 0.000124
16.196995 0.097622 0.093549 0.057773 0.019344 0.001367 0.009785 0.003190 0.010870 0.000126 0.000074
16.213689 0.096449 0.092045 0.056746 0.020646 0.001988 0.009747 0.003221 0.011090 0.000081 0.000024
16.230384 0.095249 0.090511 0.055701 0.021942 0.002609 0.009698 0.003248 0.011298 0.000036 0.000026
16.247078 0.094021 0.088948 0.054636 0.023232 0.003228 0.009638 0.003271 0.011492 0.000010 0.000077
16.263773 0.092767 0.087356 0.053554 0.024515 0.003846 0.009567 0.003290 0.011673 0.000055 0.000128
16.280467 0.091486 0.085736 0.052453 0.025789 0.004462 0.009486 0.003304 0.011840 0.000101 0.000179
16.297162 0.090178 0.084088 0.051336 0.027055 0.005076 0.009393 0.003315 0.011992 0.000147 0.000230
16.313856 0.088845 0.082412 0.050201 0.028310 0.005687 0.009288 0.003322 0.012130 0.000193 0.000281
16.330551 0.087487 0.080709 0.049050 0.029555 0.006295 0.009173 0.003324 0.012252 0.000239 0.000332
16.347245 0.086103 0.078980 0.047883 0.030788 0.006899 0.009046 0.003322 0.012359 0.000285 0.000383
16.363940 0.084694 0.077224 0.046701 0.032009 0.007500 0.008908 0.003315 0.012450 0.000331 0.000433
16.380634 0.083262 0.075442 0.045503 0.033216 0.008095 0.008759 0.003304 0.012524 0.000377 0.000483
16.397329 0.081806 0.073634 0.044291 0.034410 0.008686 0.008599 0.003289 0.012582 0.000422 0.000533
16.414023 0.080326 0.071802 0.043064 0.035588 0.009271 0.008427 0.003269 0.012623 0.000466 0.000581
16.430718 0.078823 0.069945 0.041824 0.036749 0.009850 0.008244 0.003245 0.012647 0.000510 0.000630
16.447412 0.077298 0.068063 0.040571 0.037894 0.010423 0.008050 0.003216 0.012654 0.000554 0.000677
16.464107 0.075751 0.066158 0.039305 0.039021 0.010989 0.007844 0.003182 0.012642 0.000597 0.000724
16.480801 0.074182 0.064230 0.038028 0.040129 0.011548 0.007627 0.003144 0.012613 0.000638 0.000769
16.497496 0.072592 0.062278 0.036738 0.041217 0.012099 0.007400 0.003102 0.012565 0.000679 0.000813
16.514190 0.070981 0.060305 0.035437 0.042285 0.012642 0.007161 0.003055 0.012499 0.000719 0.000857
16.530885 0.069351 0.058309 0.034126 0.043330 0.013176 0.006912 0.003003 0.012414 0.000758 0.000898
16.547579 0.067700 0.056292 0.032805 0.044353 0.013701 0.006652 0.002947 0.012310 0.000796 0.000939
16.564274 0.066030 0.054254 0.031474 0.045352 0.014216 0.006381 0.002886 0.012187 0.000832 0.000978
16.580968 0.064342 0.052195 0.030135 0.046326 0.014721 0.006100 0.002821 0.012045 0.000867 0.001015
16.597663 0.062635 0.050116 0.028786 0.047275 0.015216 0.005808 0.002751 0.011884 0.000901 0.001050
16.614357 0.060910 0.048018 0.027430 0.048197 0.015699 0.005506 0.002677 0.011703 0.000932 0.001084
16.631052 0.059169 0.045901 0.026067 0.049091 0.016171 0.005195 0.002598 0.011502 0.000963 0.001116
16.647746 0.057410 0.043766 0.024697 0.049956 0.016631 0.004873 0.002515 0.011282 0.000991 0.001146
16.664441 0.055635 0.041612 0.023321 0.050791 0.017078 0.004542 0.002428 0.011043 0.001018 0.001173
16.681135 0.053845 0.039441 0.021939 0.051596 0.017513 0.004202 0.002336 0.010784 0.001042 0.001199
16.697830 0.052039 0.037253 0.020552 0.052369 0.017933 0.003853 0.002241 0.010505 0.001065 0.001222
16.714524 0.050218 0.035049 0.019161 0.053109 0.018340 0.003496 0.002141 0.010207 0.001085 0.001242
16.731219 0.048384 0.032829 0.017766 0.053815 0.018733 0.003129 0.002037 0.009890 0.001103 0.001260
16.747913 0.046536 0.030593 0.016367 0.054486 0.019111 0.002755 0.001930 0.009553 0.001119 0.001276
16.764608 0.044674 0.028343 0.014966 0.055120 0.019473 0.002373 0.001818 0.009197 0.001133 0.001288
16.781302 0.042801 0.026078 0.013563 0.055718 0.019819 0.001984 0.001703 0.008822 0.001144 0.001298
16.797997 0.040915 0.023800 0.012158 0.056277 0.020149 0.001588 0.001584 0.008429 0.001152 0.001305
16.814691 0.039017 0.021508 0.010752 0.056797 0.020463 0.001185 0.001462 0.008017 0.001158 0.001309
16.831386 0.037109 0.019204 0.009346 0.057277 0.020759 0.000775 0.001336 0.007587 0.001161 0.001310
16.848080 0.035191 0.016888 0.007941 0.057715 0.021037 0.000361 0.001207 0.007139 0.001162 0.001308
16.864775 0.033263 0.014560 0.006536 0.058111 0.021297 0.000060 0.001075 0.006673 0.001159 0.001303
16.881469 0.031325 0.012221 0.005133 0.058463 0.021539 0.000485 0.000940 0.006191 0.001154 0.001294
16.898164 0.029379 0.009872 0.003732 0.058770 0.021761 0.000914 0.000802 0.005692 0.001146 0.001283
16.914858 0.027425 0.007513 0.002333 0.059031 0.021963 0.001347 0.000662 0.005176 0.001134 0.001267
16.931553 0.025463 0.005145 0.000939 0.059245 0.022146 0.001783 0.000520 0.004645 0.001120 0.001249
16.948247 0.023494 0.002768 0.000452 0.059411 0.022308 0.002222 0.000375 0.004099 0.001103 0.001227
16.964942 0.021519 0.000383 0.001838 0.059528 0.022449 0.002663 0.000228 0.003539 0.001082 0.001202
16.981636 0.019538 0.002009 0.003219 0.059594 0.022569 0.003105 0.000079 0.002965 0.001059 0.001173
16.998331 0.017552 0.004409 0.004594 0.059609 0.022667 0.003549 0.000071 0.002378 0.001032 0.001140
17.015025 0.015561 0.006814 0.005963 0.059571 0.022743 0.003992 0.000223 0.001778 0.001002 0.001104
17.031720 0.013566 0.009226 0.007324 0.059480 0.022795 0.004434 0.000375 0.001168 0.000969 0.001065
17.048414 0.011568 0.011643 0.008678 0.059333 0.022825 0.004876 0.000529 0.000546 0.000933 0.001022
17.065109 0.009566 0.014065 0.010023 0.059131 0.022831 0.005315 0.000683 0.000085 0.000893 0.000975
17.081803 0.007562 0.016490 0.011359 0.058871 0.022813 0.005751 0.000838 0.000725 0.000850 0.000925
17.098497 0.005557 0.018920 0.012686 0.058553 0.022771 0.006184 0.000992 0.001372 0.000805 0.000872
17.115192 0.003550 0.021352 0.014002 0.058175 0.022703 0.006612 0.001147 0.002026 0.000756 0.000815
17.131886 0.001543 0.023786 0.015307 0.057737 0.022611 0.007035 0.001300 0.002685 0.000704 0.000755
17.148581 0.000464 0.026223 0.016600 0.057236 0.022492 0.007451 0.001453 0.003348 0.000649 0.000691
17.165275 0.002471 0.028660 0.017882 0.056673 0.022348 0.007861 0.001605 0.004015 0.000591 0.000624
17.181970 0.004477 0.031098 0.019150 0.056046 0.022177 0.008262 0.001756 0.004683 0.000531 0.000555
17.198664 0.006481 0.033536 0.020405 0.055353 0.021979 0.008654 0.001904 0.005350 0.000467 0.000482
17.215359 0.008483 0.035973 0.021646 0.054594 0.021754 0.009036 0.002051 0.006017 0.000401 0.000406
17.232053 0.010481 0.038410 0.022872 0.053767 0.021501 0.009407 0.002195 0.006681 0.000333 0.000328
17.248748 0.012477 0.040844 0.024083 0.052872 0.021220 0.009766 0.002336 0.007340 0.000262 0.000247
17.265442 0.014468 0.043277 0.025277 0.051906 0.020911 0.010111 0.002473 0.007993 0.000189 0.000164
17.282137 0.016455 0.045706 0.026455 0.050869 0.020573 0.010442 0.002607 0.008638 0.000114 0.000078
17.298831 0.018436 0.048132 0.027616 0.049760 0.020206 0.010757 0.002737 0.009274 0.000037 0.000010
17.315526 0.020412 0.050554 0.028758 0.048578 0.019809 0.011056 0.002862 0.009897 0.000042 0.000099
17.332220 0.022381 0.052971 0.029883 0.047320 0.019383 0.011336 0.002983 0.010507 0.000123 0.000190
17.348915 0.024344 0.055383 0.030988 0.045987 0.018926 0.011597 0.003098 0.011101 0.000204 0.000282
17.365609 0.026299 0.057790 0.032073 0.044577 0.018439 0.011838 0.003207 0.011678 0.000287 0.000376
17.382304 0.028246 0.060190 0.033138 0.043089 0.017921 0.012056 0.003310 0.012234 0.000371 0.000470
17.398998 0.030184 0.062583 0.034181 0.041521 0.017373 0.012251 0.003406 0.012768 0.000455 0.000565
17.415693 0.032114 0.064969 0.035203 0.039873 0.016792 0.012422 0.003494 0.013276 0.000539 0.000659
17.432387 0.034033 0.067347 0.036203 0.038143 0.016180 0.012566 0.003575 0.013758 0.000623 0.000754
17.449082 0.035942 0.069716 0.037180 0.036330 0.015536 0.012683 0.003648 0.014209 0.000707 0.000847
17.465776 0.037841 0.072076 0.038133 0.034434 0.014860 0.012771 0.003711 0.014628 0.000790 0.000940
17.482471 0.039728 0.074426 0.039063 0.032452 0.014151 0.012828 0.003765 0.015012 0.000871 0.001031
17.499165 0.041603 0.076767 0.039967 0.030384 0.013410 0.012853 0.003810 0.015357 0.000951 0.001120
17.515860 0.043465 0.079096 0.040847 0.028228 0.012635 0.012844 0.003844 0.015661 0.001029 0.001207
17.532554 0.045315 0.081414 0.041700 0.025983 0.011828 0.012799 0.003866 0.015920 0.001105 0.001291
17.549249 0.047151 0.083721 0.042527 0.023649 0.010986 0.012717 0.003877 0.016132 0.001177 0.001371
17.565943 0.048973 0.086015 0.043327 0.021223 0.010111 0.012596 0.003876 0.016294 0.001246 0.001447
17.582638 0.050780 0.088296 0.044099 0.018706 0.009202 0.012434 0.003862 0.016401 0.001311 0.001518
17.599332 0.052572 0.090563 0.044843 0.016095 0.008259 0.012230 0.003834 0.016450 0.001371 0.001584
17.616027 0.054349 0.092817 0.045559 0.013389 0.007282 0.011982 0.003792 0.016438 0.001426 0.001644
17.632721 0.056109 0.095056 0.046245 0.010588 0.006270 0.011687 0.003735 0.016361 0.001475 0.001698
17.649416 0.057852 0.097281 0.046900 0.007690 0.005224 0.011343 0.003663 0.016216 0.001518 0.001743
17.666110 0.059579 0.099490 0.047526 0.004694 0.004142 0.010950 0.003575 0.015997 0.001553 0.001781
17.682805 0.061287 0.101682 0.048120 0.001599 0.003026 0.010504 0.003469 0.015701 0.001581 0.001809
17.699499 0.062978 0.103859 0.048683 0.001596 0.001874 0.010004 0.003346 0.015325 0.001600 0.001828
17.716194 0.064650 0.106018 0.049213 0.004893 0.000688 0.009448 0.003205 0.014863 0.001609 0.001836
17.732888 0.066302 0.108160 0.049711 0.008292 0.000534 0.008833 0.003045 0.014311 0.001608 0.001832
17.749583 0.067935 0.110284 0.050176 0.011795 0.001792 0.008157 0.002865 0.013665 0.001596 0.001815
17.766277 0.069548 0.112390 0.050607 0.015402 0.003085 0.007418 0.002664 0.012920 0.001572 0.001785
17.782972 0.071140 0.114476 0.051003 0.019116 0.004414 0.006614 0.002442 0.012070 0.001534 0.001740
17.799666 0.072711 0.116544 0.051365 0.022936 0.005778 0.005742 0.002198 0.011112 0.001483 0.001678
17.816361 0.074260 0.118591 0.051691 0.026865 0.007178 0.004801 0.001931 0.010040 0.001417 0.001600
17.833055 0.075788 0.120618 0.051982 0.030903 0.008614 0.003786 0.001640 0.008848 0.001334 0.001504
17.849750 0.077293 0.122625 0.052236 0.035051 0.010086 0.002697 0.001324 0.007532 0.001234 0.001388
17.866444 0.078775 0.124610 0.052453 0.039311 0.011593 0.001531 0.000984 0.006085 0.001116 0.001252
17.883139 0.080234 0.126574 0.052633 0.043683 0.013137 0.000285 0.000617 0.004503 0.000979 0.001093
17.899833 0.081669 0.128516 0.052776 0.048169 0.014716 0.001044 0.000222 0.002778 0.000820 0.000911
17.916528 0.083079 0.130435 0.052879 0.052770 0.016331 0.002458 0.000200 0.000906 0.000639 0.000704
17.933222 0.084466 0.132331 0.052945 0.057487 0.017982 0.003960 0.000651 0.001120 0.000435 0.000470
17.949917 0.085827 0.134204 0.052971 0.062321 0.019668 0.005553 0.001132 0.003306 0.000206 0.000209
17.966611 0.087163 0.136054 0.052957 0.067273 0.021390 0.007239 0.001643 0.005659 0.000049 0.000083
17.983306 0.088473 0.137879 0.052903 0.072344 0.023148 0.009021 0.002186 0.008186 0.000332 0.000405
18.000000 0.089757 0.139680 0.052809 0.077535 0.024941 0.010903 0.002762 0.010892 0.000645 0.000761
